"county","FIPS","centralDecade","aveWetDays","fiveYrAveWetDaysCentYr_-10","fiveYrAveWetDaysCentYr_-9","fiveYrAveWetDaysCentYr_-8","fiveYrAveWetDaysCentYr_-7","fiveYrAveWetDaysCentYr_-6","fiveYrAveWetDaysCentYr_-5","fiveYrAveWetDaysCentYr_-4","fiveYrAveWetDaysCentYr_-3","fiveYrAveWetDaysCentYr_-2","fiveYrAveWetDaysCentYr_-1","fiveYrAveWetDaysCentYr_0","fiveYrAveWetDaysCentYr_1","fiveYrAveWetDaysCentYr_2","fiveYrAveWetDaysCentYr_3","fiveYrAveWetDaysCentYr_4","fiveYrAveWetDaysCentYr_5","fiveYrAveWetDaysCentYr_6","fiveYrAveWetDaysCentYr_7","fiveYrAveWetDaysCentYr_8","fiveYrAveWetDaysCentYr_9","fiveYrAveWetDaysCentYr_10","fiveYrAveWetDaysCentYr_11","fiveYrAveWetDaysCentYr_12","fiveYrAveWetDaysCentYr_13","fiveYrAveWetDaysCentYr_14","fiveYrAveWetDaysCentYr_15","fiveYrAveWetDaysCentYr_16","fiveYrAveWetDaysCentYr_17","fiveYrAveWetDaysCentYr_18","fiveYrAveWetDaysCentYr_19"
"Accomack_Virginia_51001","51001",1970,6.7450110864745,7.3780487804878,5.98292682926829,7.14390243902439,7.39756097560976,7.38292682926829,6.51707317073171,6.54634146341463,5.80487804878049,6.82682926829268,7.01524390243902,8.13414634146342,7.69512195121951,9.45121951219512,NA,NA,NA,NA,NA,NA,NA,NA,NA,NA,NA,NA,NA,NA,NA,NA,NA
"Accomack_Virginia_51001","51001",2000,9.78211382113821,7.24878048780488,7.72682926829268,6.97073170731707,7.22926829268293,6.58780487804878,5.9609756097561,6.62926829268293,7.78292682926829,8.14878048780488,8.21707317073171,8.55609756097561,9.61219512195122,10.2853658536585,11.2560975609756,12.3317073170732,12.6707317073171,12.0536585365854,11.8707317073171,11.4170731707317,10.0585365853659,10.7536585365854,10.7365853658537,9.69512195121951,9.56585365853659,10.8512195121951,11.2243902439024,11.5292682926829,12.0878048780488,12.0975609756098,12.2225609756098
"Accomack_Virginia_51001","51001",2030,11.0487804878049,11.7032520325203,11.0426829268293,11.0487804878049,NA,NA,NA,NA,NA,NA,NA,NA,NA,NA,NA,NA,NA,NA,NA,NA,NA,NA,NA,NA,NA,NA,NA,NA,NA,NA,NA
"Albemarle_Virginia_51003","51003",1970,8.70048701298701,8.66428571428571,8.73928571428571,10.3767857142857,9.78571428571428,10.6053571428571,8.35,7.50535714285714,7.05,8.10357142857143,7.359375,8.74404761904762,8.84821428571428,8.57142857142857,NA,NA,NA,NA,NA,NA,NA,NA,NA,NA,NA,NA,NA,NA,NA,NA,NA
"Albemarle_Virginia_51003","51003",2000,10.6255952380952,7.43214285714286,8.84285714285714,9.05714285714286,9.35714285714286,10.2017857142857,10.5410714285714,10.5589285714286,10.1982142857143,9.37857142857143,8.28571428571429,8.09821428571429,9.04285714285714,9.4375,9.75714285714286,11.1107142857143,10.8482142857143,9.71428571428571,10.1285714285714,10.8910714285714,10.5946428571429,10.7035714285714,11.8785714285714,11.5107142857143,11.675,11.0035714285714,11.3107142857143,13.3303571428571,13.4214285714286,14.4321428571429,15.7254464285714
"Albemarle_Virginia_51003","51003",2030,17.8125,17.8839285714286,14.1383928571429,17.8125,NA,NA,NA,NA,NA,NA,NA,NA,NA,NA,NA,NA,NA,NA,NA,NA,NA,NA,NA,NA,NA,NA,NA,NA,NA,NA,NA
"Alexandria_Virginia_51510","51510",1970,4.60606060606061,6.26666666666667,5.13333333333333,5.46666666666667,5.26666666666667,5.13333333333333,3.4,3,3.8,4.26666666666667,4.41666666666667,5.11111111111111,6.16666666666667,4.33333333333333,NA,NA,NA,NA,NA,NA,NA,NA,NA,NA,NA,NA,NA,NA,NA,NA,NA
"Alexandria_Virginia_51510","51510",2000,9.07777777777778,4.53333333333333,5.6,6.53333333333333,6.46666666666667,7.53333333333333,7.86666666666667,8.06666666666667,8.4,8.4,8.06666666666667,8.46666666666667,10.0666666666667,10.2,10.6666666666667,11.4666666666667,10.8,9.4,9.33333333333333,8.53333333333333,8.4,8.53333333333333,9.06666666666667,9.13333333333333,9.66666666666667,8.4,9.13333333333333,11.5333333333333,10.8666666666667,13.1333333333333,15.1666666666667
"Alexandria_Virginia_51510","51510",2030,20,17,13.3333333333333,20,NA,NA,NA,NA,NA,NA,NA,NA,NA,NA,NA,NA,NA,NA,NA,NA,NA,NA,NA,NA,NA,NA,NA,NA,NA,NA,NA
"Alleghany_Virginia_51005","51005",1970,5.53506493506494,5.34285714285714,5.22285714285714,6.08,5.83428571428571,6.21428571428571,5.27714285714286,5.06,4.98285714285714,5.6,5.47857142857143,6.43809523809524,6.15714285714286,5.57142857142857,NA,NA,NA,NA,NA,NA,NA,NA,NA,NA,NA,NA,NA,NA,NA,NA,NA
"Alleghany_Virginia_51005","51005",2000,7.63761904761905,5.41714285714286,6.45142857142857,6.29142857142857,6.13714285714286,7.12285714285714,6.79428571428571,6.94285714285714,6.93428571428571,7.42285714285714,7.13714285714286,7.47428571428571,8.42,9.23428571428571,8.70285714285714,8.62285714285714,8.77142857142857,6.86,6.26,6.70571428571429,6.85428571428571,6.75714285714286,7.89142857142857,7.5,8.08571428571429,8.12,8.66,9.53428571428571,9.60571428571428,10.0371428571429,10.15
"Alleghany_Virginia_51005","51005",2030,13.0714285714286,10.8095238095238,9.35,13.0714285714286,NA,NA,NA,NA,NA,NA,NA,NA,NA,NA,NA,NA,NA,NA,NA,NA,NA,NA,NA,NA,NA,NA,NA,NA,NA,NA,NA
"Amelia_Virginia_51007","51007",1970,7.47552447552448,7.62692307692308,7.17307692307692,8.56538461538462,8.63846153846154,9.28076923076923,8.39615384615385,7.20384615384615,6.36923076923077,7.14230769230769,6.70673076923077,6.95512820512821,7.27884615384615,7.55769230769231,NA,NA,NA,NA,NA,NA,NA,NA,NA,NA,NA,NA,NA,NA,NA,NA,NA
"Amelia_Virginia_51007","51007",2000,9.41025641025641,6.78461538461538,8.19230769230769,8.66923076923077,9.10769230769231,10.1884615384615,9.93076923076923,9.7,9.89615384615385,9.22692307692308,8.11538461538461,8.03846153846154,8.61538461538461,9.30769230769231,9.68846153846154,10.7884615384615,11.5269230769231,10.7153846153846,10.1538461538462,9.90769230769231,9.49615384615385,9.05384615384615,9.54615384615385,8.94615384615385,9.47692307692308,9.31538461538462,9.60769230769231,9.81153846153846,9.48846153846154,10.8846153846154,11.0961538461538
"Amelia_Virginia_51007","51007",2030,16.1538461538462,12.0064102564103,10.9326923076923,16.1538461538462,NA,NA,NA,NA,NA,NA,NA,NA,NA,NA,NA,NA,NA,NA,NA,NA,NA,NA,NA,NA,NA,NA,NA,NA,NA,NA,NA
"Amherst_Virginia_51009","51009",1970,8.64646464646465,8.35,8.2,9.47222222222222,8.98611111111111,9.96944444444444,8.06944444444444,7.44722222222222,8.09722222222222,8.81944444444444,8.46875,10.0833333333333,9.96527777777778,7.26388888888889,NA,NA,NA,NA,NA,NA,NA,NA,NA,NA,NA,NA,NA,NA,NA,NA,NA
"Amherst_Virginia_51009","51009",2000,10.9759259259259,8.29444444444444,9.80277777777778,9.50277777777778,8.98055555555556,9.975,10.1222222222222,10.6472222222222,10.8583333333333,10.65,9.78611111111111,9.79444444444444,9.69722222222222,9.70277777777778,9.78333333333333,11,11.6444444444444,10.3555555555556,11.375,11.9305555555556,11.4277777777778,10.4027777777778,11.7222222222222,10.4194444444444,10.5722222222222,10.7638888888889,11.2333333333333,13.3444444444444,13.9972222222222,14.9916666666667,15.6284722222222
"Amherst_Virginia_51009","51009",2030,17.9305555555556,17.8981481481481,14.8402777777778,17.9305555555556,NA,NA,NA,NA,NA,NA,NA,NA,NA,NA,NA,NA,NA,NA,NA,NA,NA,NA,NA,NA,NA,NA,NA,NA,NA,NA,NA
"Appomattox_Virginia_51011","51011",1970,8.35650623885918,7.89803921568627,7.5843137254902,9.53725490196078,8.98823529411765,9.43529411764706,7.66274509803922,7.69803921568627,7.70980392156863,7.92941176470588,7.62745098039216,9.30065359477124,8.74509803921569,5.68627450980392,NA,NA,NA,NA,NA,NA,NA,NA,NA,NA,NA,NA,NA,NA,NA,NA,NA
"Appomattox_Virginia_51011","51011",2000,9.51307189542484,7.52156862745098,8.98823529411765,8.50196078431373,8.44705882352941,9.23529411764706,9.18039215686274,9.25098039215686,9.55294117647059,8.74509803921569,7.98823529411765,8.33725490196078,9.27058823529412,9.63529411764706,9.88235294117647,11.2078431372549,11.1137254901961,9.35686274509804,9.42352941176471,9.93333333333333,9.40392156862745,8.96078431372549,9.45882352941176,8.33725490196078,7.74509803921569,8.36078431372549,8.7843137254902,11.2745098039216,11.6274509803922,13.7372549019608,13.9460784313725
"Appomattox_Virginia_51011","51011",2030,18.8627450980392,15.9281045751634,13.3333333333333,18.8627450980392,NA,NA,NA,NA,NA,NA,NA,NA,NA,NA,NA,NA,NA,NA,NA,NA,NA,NA,NA,NA,NA,NA,NA,NA,NA,NA,NA
"Arlington_Virginia_51013","51013",1970,5.20454545454545,7.2,6.05,6.25,6,5.9,3.7,3.3,4.1,4.65,4.75,5.66666666666667,6.75,5.5,NA,NA,NA,NA,NA,NA,NA,NA,NA,NA,NA,NA,NA,NA,NA,NA,NA
"Arlington_Virginia_51013","51013",2000,9.5,4.95,6.05,7.1,7,8.15,8.3,8.6,8.7,8.8,8.3,8.6,10.05,10.55,10.95,11.4,10.95,9.5,9.1,8.6,8.55,8.85,9.6,9.8,10.4,9.7,10.1,12.55,11.75,13.65,15.25
"Arlington_Virginia_51013","51013",2030,20,17.25,13.375,20,NA,NA,NA,NA,NA,NA,NA,NA,NA,NA,NA,NA,NA,NA,NA,NA,NA,NA,NA,NA,NA,NA,NA,NA,NA,NA,NA
"Augusta_Virginia_51015","51015",1970,6.45035885167464,6.34473684210526,6.45394736842105,7.7,7.44210526315789,7.88157894736842,6.32368421052632,5.37894736842105,5.15921052631579,6.03289473684211,5.70723684210526,6.81578947368421,7.51644736842105,6.65789473684211,NA,NA,NA,NA,NA,NA,NA,NA,NA,NA,NA,NA,NA,NA,NA,NA,NA
"Augusta_Virginia_51015","51015",2000,8.68333333333333,6.03815789473684,7.23289473684211,7.59605263157895,7.78421052631579,8.57894736842105,8.75789473684211,8.79736842105263,8.56578947368421,8.15263157894737,7.1328947368421,6.82368421052632,7.64210526315789,8.25526315789474,8.375,9.62368421052632,9.88947368421053,8.37631578947368,8.06052631578947,8.33421052631579,8.28026315789474,7.60263157894737,9.13684210526316,9.05263157894737,8.82763157894737,8.26578947368421,9.04605263157895,10.1184210526316,10.5697368421053,11.8907894736842,12.6891447368421
"Augusta_Virginia_51015","51015",2030,14.6973684210526,14.0679824561404,12.0460526315789,14.6973684210526,NA,NA,NA,NA,NA,NA,NA,NA,NA,NA,NA,NA,NA,NA,NA,NA,NA,NA,NA,NA,NA,NA,NA,NA,NA,NA,NA
"Bath_Virginia_51017","51017",1970,5.69623059866962,5.20731707317073,5.48780487804878,6.16341463414634,6.12682926829268,6.56585365853658,5.95121951219512,5.38292682926829,5.12926829268293,5.78048780487805,5.46036585365854,6.06910569105691,6.03048780487805,6.19512195121951,NA,NA,NA,NA,NA,NA,NA,NA,NA,NA,NA,NA,NA,NA,NA,NA,NA
"Bath_Virginia_51017","51017",2000,7.87886178861789,5.4390243902439,6.12682926829268,6.42682926829268,6.43170731707317,7.36341463414634,7.26829268292683,7.0780487804878,6.78292682926829,7.25365853658537,6.18292682926829,6.6609756097561,8.16585365853659,8.64634146341463,8.15853658536585,9.11707317073171,9.36829268292683,7.45365853658537,7.10243902439024,7.78048780487805,7.68780487804878,7.11707317073171,8.50487804878049,8.08048780487805,8.17560975609756,8.15609756097561,8.9219512195122,9.52682926829268,10.2341463414634,11.490243902439,11.9298780487805
"Bath_Virginia_51017","51017",2030,15.9512195121951,12.739837398374,12.0914634146341,15.9512195121951,NA,NA,NA,NA,NA,NA,NA,NA,NA,NA,NA,NA,NA,NA,NA,NA,NA,NA,NA,NA,NA,NA,NA,NA,NA,NA,NA
"Bedford_Virginia_51019","51019",1970,8.27966101694915,7.65084745762712,7.68983050847458,9.14406779661017,9.14745762711864,9.73389830508474,7.83559322033898,7.66779661016949,8.13220338983051,8.15932203389831,7.83898305084746,9.3954802259887,8.36016949152542,4.69491525423729,NA,NA,NA,NA,NA,NA,NA,NA,NA,NA,NA,NA,NA,NA,NA,NA,NA
"Bedford_Virginia_51019","51019",2000,10.2132768361582,7.5,8.74745762711864,8.12881355932203,7.50338983050847,8.8406779661017,8.88983050847458,9.40338983050848,9.57118644067797,9.4135593220339,8.56610169491525,8.78305084745763,9.53728813559322,9.90338983050848,10.1372881355932,11.3762711864407,12.1169491525424,9.87457627118644,10.6372881355932,10.8898305084746,10.2949152542373,9.22881355932203,11.0525423728814,9.78813559322034,10.1084745762712,10.7389830508475,11.3966101694915,13.1016949152542,13.2508474576271,14.9237288135593,15.2754237288136
"Bedford_Virginia_51019","51019",2030,20.5084745762712,17.3220338983051,14.8940677966102,20.5084745762712,NA,NA,NA,NA,NA,NA,NA,NA,NA,NA,NA,NA,NA,NA,NA,NA,NA,NA,NA,NA,NA,NA,NA,NA,NA,NA,NA
"Bland_Virginia_51021","51021",1970,3.45283018867925,2.79245283018868,2.37735849056604,2.67924528301887,2.67547169811321,3.42264150943396,3.10566037735849,3.22264150943396,3.92830188679245,4.6,4.40094339622642,5.35220125786164,5.73584905660377,4.94339622641509,NA,NA,NA,NA,NA,NA,NA,NA,NA,NA,NA,NA,NA,NA,NA,NA,NA
"Bland_Virginia_51021","51021",2000,5.98805031446541,4.48301886792453,5.37358490566038,5.2188679245283,5.37735849056604,5.87169811320755,4.93207547169811,5.0377358490566,5.09433962264151,4.76981132075472,4.92452830188679,5.71320754716981,6.26415094339623,7.27169811320755,6.8,6.35471698113208,6.54716981132075,5.33962264150943,5.02641509433962,5.55849056603774,5.90188679245283,5.70188679245283,6.53584905660377,5.75849056603774,5.76981132075472,5.13962264150943,6.04528301886792,6.87547169811321,7.55849056603774,9.01132075471698,10.1320754716981
"Bland_Virginia_51021","51021",2030,13.3207547169811,10.6603773584906,10.2075471698113,13.3207547169811,NA,NA,NA,NA,NA,NA,NA,NA,NA,NA,NA,NA,NA,NA,NA,NA,NA,NA,NA,NA,NA,NA,NA,NA,NA,NA,NA
"Botetourt_Virginia_51023","51023",1970,6.91666666666667,6.42857142857143,6.47619047619048,7.78571428571429,7.50238095238095,8.1047619047619,6.50714285714286,6.22142857142857,6.27142857142857,6.9452380952381,6.59821428571429,7.99603174603175,7.45238095238095,5.79761904761905,NA,NA,NA,NA,NA,NA,NA,NA,NA,NA,NA,NA,NA,NA,NA,NA,NA
"Botetourt_Virginia_51023","51023",2000,9.38174603174603,6.53095238095238,7.66428571428571,7.56904761904762,7.48095238095238,8.75952380952381,8.36904761904762,8.9547619047619,8.67142857142857,8.69285714285714,7.70952380952381,8.00714285714286,8.74285714285714,9.23333333333333,9.33809523809524,10.0595238095238,10.7595238095238,8.71190476190476,9.26428571428571,9.60952380952381,9.39761904761905,8.74285714285714,10.3452380952381,9.22380952380952,9.39285714285714,9.7547619047619,10.247619047619,11.6904761904762,12.3285714285714,13.8238095238095,14.3720238095238
"Botetourt_Virginia_51023","51023",2030,19.3452380952381,16.3333333333333,14.6666666666667,19.3452380952381,NA,NA,NA,NA,NA,NA,NA,NA,NA,NA,NA,NA,NA,NA,NA,NA,NA,NA,NA,NA,NA,NA,NA,NA,NA,NA,NA
"Bristol_Virginia_51520","51520",1970,3.31818181818182,3.2,3,3.2,2.4,3,3,3,3.5,3.9,3.375,4.16666666666667,4.25,3,NA,NA,NA,NA,NA,NA,NA,NA,NA,NA,NA,NA,NA,NA,NA,NA,NA
"Bristol_Virginia_51520","51520",2000,7.46666666666667,3.3,4.1,4.9,5.8,6.5,6.3,7.1,6.8,6.3,6.5,8,8.4,9.7,8.8,8.5,7.3,6.1,4.8,6,6.8,7.5,9.1,8.8,9.3,8.7,9.1,8.7,9.8,11.3,12.375
"Bristol_Virginia_51520","51520",2030,19,13.5,14.75,19,NA,NA,NA,NA,NA,NA,NA,NA,NA,NA,NA,NA,NA,NA,NA,NA,NA,NA,NA,NA,NA,NA,NA,NA,NA,NA,NA
"Brunswick_Virginia_51025","51025",1970,6.86997885835095,6.48139534883721,6.07441860465116,8.11395348837209,8.36744186046512,8.94418604651163,7.87674418604651,7.43720930232558,5.7,5.80232558139535,5.26744186046512,6.15891472868217,5.31976744186047,6.5,NA,NA,NA,NA,NA,NA,NA,NA,NA,NA,NA,NA,NA,NA,NA,NA,NA
"Brunswick_Virginia_51025","51025",2000,9.53643410852713,5.5906976744186,7.01627906976744,6.65348837209302,7.00697674418605,7.28372093023256,6.97209302325581,6.93488372093023,9.20232558139535,9.9046511627907,9.9,10.4186046511628,11.5395348837209,10.9511627906977,10.4697674418605,11.6906976744186,11.4558139534884,11.1813953488372,10.1232558139535,10.3395348837209,9.5,9.93720930232558,9.15116279069767,9.38604651162791,9.73023255813954,9.89767441860465,10.0348837209302,10.8255813953488,10.9023255813953,12.2488372093023,12.6598837209302
"Brunswick_Virginia_51025","51025",2030,16.546511627907,13.6744186046512,13.6162790697674,16.546511627907,NA,NA,NA,NA,NA,NA,NA,NA,NA,NA,NA,NA,NA,NA,NA,NA,NA,NA,NA,NA,NA,NA,NA,NA,NA,NA,NA
"Buchanan_Virginia_51027","51027",1970,3.68181818181818,3.29230769230769,3.24871794871795,3.6,3.62051282051282,3.9025641025641,3.76923076923077,3.65384615384615,3.33333333333333,4.07948717948718,3.88782051282051,4.29059829059829,4.32692307692308,5.83333333333333,NA,NA,NA,NA,NA,NA,NA,NA,NA,NA,NA,NA,NA,NA,NA,NA,NA
"Buchanan_Virginia_51027","51027",2000,6.85641025641026,3.66153846153846,4.1948717948718,5.12564102564103,5.71282051282051,5.86410256410256,5.63589743589744,6.1974358974359,5.2025641025641,5.70512820512821,5.91794871794872,7.07435897435897,7.06666666666667,8.74102564102564,7.7,7.73589743589744,7.24871794871795,6.29230769230769,5.67179487179487,6.59230769230769,6.93846153846154,7.22820512820513,8.53333333333333,8.07948717948718,7.95897435897436,7.46410256410256,7.62051282051282,7.90769230769231,8.31794871794872,8.97692307692308,9.44871794871795
"Buchanan_Virginia_51027","51027",2030,10.3589743589744,10.2008547008547,9.65384615384615,10.3589743589744,NA,NA,NA,NA,NA,NA,NA,NA,NA,NA,NA,NA,NA,NA,NA,NA,NA,NA,NA,NA,NA,NA,NA,NA,NA,NA,NA
"Buckingham_Virginia_51029","51029",1970,8.12359550561798,7.91011235955056,7.50786516853933,9.38876404494382,8.97977528089888,9.8314606741573,7.81123595505618,7.69213483146067,7.22921348314607,7.86966292134831,7.19943820224719,8.70786516853932,7.67977528089888,6.26966292134831,NA,NA,NA,NA,NA,NA,NA,NA,NA,NA,NA,NA,NA,NA,NA,NA,NA
"Buckingham_Virginia_51029","51029",2000,9.29588014981273,7.0314606741573,8.72134831460674,8.38876404494382,8.51685393258427,9.43370786516854,9.49662921348315,9.60674157303371,9.59550561797753,8.73258426966292,7.60898876404494,7.7438202247191,8.17078651685393,8.52584269662921,9.10337078651685,10.2651685393258,10.1865168539326,8.85393258426966,9.18202247191011,9.38202247191011,9.47415730337079,9.26067415730337,9.77752808988764,8.79775280898876,8.51685393258427,8.39550561797753,9.13258426966292,11.2022471910112,11.285393258427,13.5775280898876,14.247191011236
"Buckingham_Virginia_51029","51029",2030,19.3595505617978,15.8052434456929,13.6685393258427,19.3595505617978,NA,NA,NA,NA,NA,NA,NA,NA,NA,NA,NA,NA,NA,NA,NA,NA,NA,NA,NA,NA,NA,NA,NA,NA,NA,NA,NA
"BuenaVista_Virginia_51530","51530",1970,6.72727272727273,6.4,7.4,8.2,7.8,7.6,6.6,4.6,5.2,6.4,6.5,7.33333333333333,8.5,7,NA,NA,NA,NA,NA,NA,NA,NA,NA,NA,NA,NA,NA,NA,NA,NA,NA
"BuenaVista_Virginia_51530","51530",2000,8.23333333333333,6.2,6.8,7.2,6.8,7,7,8,7.8,7.4,7,7.2,7,7.8,8.4,9.6,10,8.2,8.4,8.6,8.2,7.4,8.8,8,7.8,7.4,8,9.8,10.2,11.2,12
"BuenaVista_Virginia_51530","51530",2030,14,13.6666666666667,11.5,14,NA,NA,NA,NA,NA,NA,NA,NA,NA,NA,NA,NA,NA,NA,NA,NA,NA,NA,NA,NA,NA,NA,NA,NA,NA,NA,NA
"Campbell_Virginia_51031","51031",1970,7.86186540731995,7.0025974025974,7.14025974025974,8.96623376623377,8.66233766233766,9.04935064935065,7.16103896103896,7.00779220779221,7.22337662337662,7.42337662337662,7.18181818181818,8.83116883116883,8.48701298701299,5.53246753246753,NA,NA,NA,NA,NA,NA,NA,NA,NA,NA,NA,NA,NA,NA,NA,NA,NA
"Campbell_Virginia_51031","51031",2000,9.27792207792208,6.93246753246753,8.45454545454546,7.89090909090909,7.43116883116883,8.24935064935065,8.28051948051948,8.2961038961039,8.92467532467532,8.45194805194805,7.65974025974026,7.98181818181818,9.0987012987013,9.32207792207792,9.6,11.1194805194805,11.5402597402597,9.38181818181818,9.56623376623377,10.4,9.5038961038961,8.78961038961039,9.55844155844156,8.41818181818182,8.04415584415584,8.84415584415584,8.87272727272727,11.2337662337662,11.5454545454545,13.4311688311688,13.5941558441558
"Campbell_Virginia_51031","51031",2030,19.8961038961039,16,13.8181818181818,19.8961038961039,NA,NA,NA,NA,NA,NA,NA,NA,NA,NA,NA,NA,NA,NA,NA,NA,NA,NA,NA,NA,NA,NA,NA,NA,NA,NA,NA
"Caroline_Virginia_51033","51033",1970,7.02993348115299,6.48536585365854,6.49268292682927,7.9609756097561,8.1,8.86829268292683,7.6,6.90731707317073,6.36829268292683,6.6390243902439,6.3109756097561,6.89024390243902,6.65243902439024,5.68292682926829,NA,NA,NA,NA,NA,NA,NA,NA,NA,NA,NA,NA,NA,NA,NA,NA,NA
"Caroline_Virginia_51033","51033",2000,9.32886178861789,6.02926829268293,7.09756097560976,7.26341463414634,6.92439024390244,7.78048780487805,7.51463414634146,8.13170731707317,8.46585365853658,8.9390243902439,8.18536585365854,8.44146341463415,9.07073170731707,9.40731707317073,9.86829268292683,11,11.3658536585366,9.84878048780488,9.67073170731707,8.77560975609756,9.08536585365854,8.69268292682927,9.5390243902439,8.75609756097561,9.73658536585366,9.4609756097561,10.490243902439,11.9195121951219,12.409756097561,14.1073170731707,14.6280487804878
"Caroline_Virginia_51033","51033",2030,19.5121951219512,16.2154471544715,14.3536585365854,19.5121951219512,NA,NA,NA,NA,NA,NA,NA,NA,NA,NA,NA,NA,NA,NA,NA,NA,NA,NA,NA,NA,NA,NA,NA,NA,NA,NA,NA
"Carroll_Virginia_51035","51035",1970,7.41035353535354,7.84722222222222,6.02222222222222,6.26111111111111,6.16388888888889,7.44444444444444,6.21111111111111,8.03888888888889,8.80555555555556,9.17777777777778,8.54513888888889,10.4212962962963,8.19444444444444,6.18055555555556,NA,NA,NA,NA,NA,NA,NA,NA,NA,NA,NA,NA,NA,NA,NA,NA,NA
"Carroll_Virginia_51035","51035",2000,9.8787037037037,8.97222222222222,9.95555555555556,8.525,8.20277777777778,9.36944444444444,8.02222222222222,8.73333333333333,8.48333333333333,8.06111111111111,7.21666666666667,7.975,8.19444444444444,9.66111111111111,9.72777777777778,10.1638888888889,10.8,9.20277777777778,8.78055555555556,9.53888888888889,9.53055555555556,8.50833333333333,11.1888888888889,10.3444444444444,10.725,10.7222222222222,12.0444444444444,12.4888888888889,13.4777777777778,15.4194444444444,16.7951388888889
"Carroll_Virginia_51035","51035",2030,22.2222222222222,18.2546296296296,17.3194444444444,22.2222222222222,NA,NA,NA,NA,NA,NA,NA,NA,NA,NA,NA,NA,NA,NA,NA,NA,NA,NA,NA,NA,NA,NA,NA,NA,NA,NA,NA
"CharlesCity_Virginia_51036","51036",1970,7.01880877742947,7.04827586206897,6.21379310344828,7.86206896551724,7.9448275862069,8.90344827586207,7.79310344827586,7.47586206896552,6.49655172413793,6.51724137931034,6.17241379310345,6.80459770114942,6.37931034482759,5.41379310344828,NA,NA,NA,NA,NA,NA,NA,NA,NA,NA,NA,NA,NA,NA,NA,NA,NA
"CharlesCity_Virginia_51036","51036",2000,9.89540229885058,5.77931034482759,6.62068965517241,6.75172413793103,6.0551724137931,6.00689655172414,6.11034482758621,6.84137931034483,7.9448275862069,9.61379310344828,9.77931034482759,9.82068965517241,10.8827586206897,10.8827586206897,10.1241379310345,11.4965517241379,12.1241379310345,10.8620689655172,9.6551724137931,9.26206896551724,9.4551724137931,9.33103448275862,10.3103448275862,10.9103448275862,12.0689655172414,12.4413793103448,13.2551724137931,13.5034482758621,13.2275862068966,14.9448275862069,14.7586206896552
"CharlesCity_Virginia_51036","51036",2030,20.8275862068966,15.8390804597701,15.1206896551724,20.8275862068966,NA,NA,NA,NA,NA,NA,NA,NA,NA,NA,NA,NA,NA,NA,NA,NA,NA,NA,NA,NA,NA,NA,NA,NA,NA,NA,NA
"Charlotte_Virginia_51037","51037",1970,7.53649167733675,7.91830985915493,6.91549295774648,8.40281690140845,7.99154929577465,8.34929577464789,7.19154929577465,7.76338028169014,7.11267605633803,7.50422535211268,7.23239436619718,8.32394366197183,6.61267605633803,5.32394366197183,NA,NA,NA,NA,NA,NA,NA,NA,NA,NA,NA,NA,NA,NA,NA,NA,NA
"Charlotte_Virginia_51037","51037",2000,9.65352112676056,7.34647887323944,9.0169014084507,7.86197183098592,8.80845070422535,9.91267605633803,9.50422535211268,9.45070422535211,10.687323943662,9.47323943661972,8.43661971830986,8.55492957746479,8.99718309859155,8.83380281690141,9.27887323943662,11.0535211267606,11.4253521126761,10.1492957746479,10.4816901408451,10.9549295774648,9.81971830985916,9.13521126760563,10.0788732394366,8.95211267605634,8.42253521126761,8.93802816901409,9.36338028169014,10.4816901408451,11.1042253521127,12.4591549295775,12.7147887323944
"Charlotte_Virginia_51037","51037",2030,15.2816901408451,14.6478873239437,12.8802816901408,15.2816901408451,NA,NA,NA,NA,NA,NA,NA,NA,NA,NA,NA,NA,NA,NA,NA,NA,NA,NA,NA,NA,NA,NA,NA,NA,NA,NA,NA
"Charlottesville_Virginia_51540","51540",1970,8.87878787878788,9.4,9.6,11.3333333333333,10.6666666666667,10.8666666666667,8.33333333333333,6.93333333333333,6.4,7.4,6.75,8,8.83333333333333,9,NA,NA,NA,NA,NA,NA,NA,NA,NA,NA,NA,NA,NA,NA,NA,NA,NA
"Charlottesville_Virginia_51540","51540",2000,10.7444444444444,6.8,8.33333333333333,9.06666666666667,9.4,10.4666666666667,11,10.9333333333333,10.3333333333333,9.66666666666667,8.26666666666667,8,9.2,9.6,9.8,11.4,11.1333333333333,9.53333333333333,10.1333333333333,11,10.4,10.6,12,12.0666666666667,12.6666666666667,11.6666666666667,12.0666666666667,13.7333333333333,13.2666666666667,13.5333333333333,15.0833333333333
"Charlottesville_Virginia_51540","51540",2030,16.6666666666667,16.7777777777778,13.3333333333333,16.6666666666667,NA,NA,NA,NA,NA,NA,NA,NA,NA,NA,NA,NA,NA,NA,NA,NA,NA,NA,NA,NA,NA,NA,NA,NA,NA,NA,NA
"Chesapeake_Virginia_51550","51550",1970,7.44939965694683,8.28301886792453,7.7622641509434,9.43018867924528,8.7622641509434,9.23018867924528,7.72452830188679,7.02264150943396,5.40754716981132,6.24150943396226,5.64622641509434,6.33962264150943,5.56603773584906,7.75471698113208,NA,NA,NA,NA,NA,NA,NA,NA,NA,NA,NA,NA,NA,NA,NA,NA,NA
"Chesapeake_Virginia_51550","51550",2000,9.99433962264151,6.27169811320755,6.82264150943396,6.55471698113208,7.07547169811321,6.96981132075472,6.1622641509434,7.30566037735849,8.42641509433962,9.43396226415094,9.11320754716981,10.4641509433962,11.1849056603774,11.2679245283019,11.0490566037736,12.6,11.6150943396226,10.222641509434,10.0603773584906,10.4452830188679,8.81132075471698,10.1471698113208,10.5358490566038,10.7698113207547,10.2716981132075,12.1283018867925,12.2,13.0339622641509,12.8867924528302,14.2415094339623,14.1792452830189
"Chesapeake_Virginia_51550","51550",2030,16.1320754716981,14.3710691823899,14.1603773584906,16.1320754716981,NA,NA,NA,NA,NA,NA,NA,NA,NA,NA,NA,NA,NA,NA,NA,NA,NA,NA,NA,NA,NA,NA,NA,NA,NA,NA,NA
"Chesterfield_Virginia_51041","51041",1970,6.95652173913043,7.07246376811594,6.43768115942029,7.97971014492754,7.8463768115942,9,8.00579710144928,7.18550724637681,6.09275362318841,6.50434782608696,5.75,5.98550724637681,6.35507246376812,6.15942028985507,NA,NA,NA,NA,NA,NA,NA,NA,NA,NA,NA,NA,NA,NA,NA,NA,NA
"Chesterfield_Virginia_51041","51041",2000,9.52270531400966,5.89275362318841,7.04347826086957,7.61739130434783,7.38260869565217,7.97971014492754,7.6,8.14782608695652,8.85507246376812,9.21449275362319,8.83768115942029,8.83478260869565,9.23768115942029,9.92173913043478,10.1391304347826,11.3942028985507,12.1971014492754,11.1768115942029,9.92463768115942,9.4695652173913,9.10144927536232,8.91884057971014,9.5536231884058,9.46666666666667,10.8289855072464,10.8492753623188,11.2782608695652,11.6521739130435,11.3507246376812,12.3797101449275,12.5253623188406
"Chesterfield_Virginia_51041","51041",2030,17.9420289855072,13.4347826086957,12.4057971014493,17.9420289855072,NA,NA,NA,NA,NA,NA,NA,NA,NA,NA,NA,NA,NA,NA,NA,NA,NA,NA,NA,NA,NA,NA,NA,NA,NA,NA,NA
"Clarke_Virginia_51043","51043",1970,4.27946127946128,5.6,4.71111111111111,4.71111111111111,5.24444444444444,5.2962962962963,4.07407407407407,3.76296296296296,4.08148148148148,3.86666666666667,3.59259259259259,4.01234567901235,4.24074074074074,3.11111111111111,NA,NA,NA,NA,NA,NA,NA,NA,NA,NA,NA,NA,NA,NA,NA,NA,NA
"Clarke_Virginia_51043","51043",2000,7.74691358024691,3.82962962962963,5.22962962962963,5.91111111111111,6.20740740740741,7.97037037037037,8.24444444444444,7.58518518518519,7.20740740740741,6.93333333333333,5.93333333333333,6.22222222222222,7.23703703703704,8.04444444444444,9.28888888888889,9.83703703703704,8.97777777777778,8.65925925925926,7.64444444444444,7.15555555555556,7.03703703703704,7.37777777777778,7.26666666666667,7.58518518518519,6.82962962962963,6.59259259259259,7.62222222222222,9.65925925925926,10.0888888888889,10.9333333333333,11.6944444444444
"Clarke_Virginia_51043","51043",2030,9.7037037037037,12.2098765432099,8.74074074074074,9.7037037037037,NA,NA,NA,NA,NA,NA,NA,NA,NA,NA,NA,NA,NA,NA,NA,NA,NA,NA,NA,NA,NA,NA,NA,NA,NA,NA,NA
"ColonialHeights_Virginia_51570","51570",1970,6.18181818181818,6,5.2,6.6,6.4,7.8,7.2,6.4,5.8,6.2,5.5,5.66666666666667,6.5,6,NA,NA,NA,NA,NA,NA,NA,NA,NA,NA,NA,NA,NA,NA,NA,NA,NA
"ColonialHeights_Virginia_51570","51570",2000,10.0333333333333,5.8,6.6,7.2,6.6,6.8,6.6,7.2,8.2,9,9,8.4,9.4,10.2,10.4,11.6,12.8,11.4,9.6,9,9,9,10.2,10.6,12.6,12.6,13.4,13.4,14.4,15.4,16
"ColonialHeights_Virginia_51570","51570",2030,21,17,17.5,21,NA,NA,NA,NA,NA,NA,NA,NA,NA,NA,NA,NA,NA,NA,NA,NA,NA,NA,NA,NA,NA,NA,NA,NA,NA,NA,NA
"Craig_Virginia_51045","51045",1970,6.00727272727273,6.104,5.416,6.396,6.116,6.584,5.236,5.724,5.676,6.344,6.045,7.62666666666667,6.96,5.72,NA,NA,NA,NA,NA,NA,NA,NA,NA,NA,NA,NA,NA,NA,NA,NA,NA
"Craig_Virginia_51045","51045",2000,8.07133333333333,5.968,7.028,6.376,6.12,7.316,6.828,7.616,7.556,7.912,7.532,7.612,7.844,8.624,8.172,7.776,8.456,6.9,6.852,7.644,8.024,7.508,8.968,8.396,8.416,8.36,9.196,9.968,10.624,12.128,12.8
"Craig_Virginia_51045","51045",2030,18.02,14.1933333333333,13.75,18.02,NA,NA,NA,NA,NA,NA,NA,NA,NA,NA,NA,NA,NA,NA,NA,NA,NA,NA,NA,NA,NA,NA,NA,NA,NA,NA,NA
"Culpeper_Virginia_51047","51047",1970,6.8366718027735,8.13898305084746,7.94576271186441,8.45084745762712,8.4,8.82372881355932,6.46101694915254,5.71525423728814,5.85762711864407,5.99322033898305,5.34745762711864,6.25423728813559,6.02542372881356,3.66101694915254,NA,NA,NA,NA,NA,NA,NA,NA,NA,NA,NA,NA,NA,NA,NA,NA,NA
"Culpeper_Virginia_51047","51047",2000,9.76949152542373,5.75593220338983,6.92881355932203,7.57966101694915,7.62372881355932,9.46440677966102,9.5593220338983,9.9864406779661,9.48474576271186,9.05762711864407,8.13220338983051,8.71525423728814,9.92542372881356,10.4,11.2677966101695,11.9627118644068,10.8169491525424,9.10847457627119,8.82372881355932,8.78983050847458,8.55254237288135,8.69830508474576,9.96271186440678,9.99322033898305,10,9.9864406779661,10.5796610169492,12.4338983050847,12.335593220339,13.6508474576271,14.4491525423729
"Culpeper_Virginia_51047","51047",2030,17.2542372881356,16.3502824858757,12.6610169491525,17.2542372881356,NA,NA,NA,NA,NA,NA,NA,NA,NA,NA,NA,NA,NA,NA,NA,NA,NA,NA,NA,NA,NA,NA,NA,NA,NA,NA,NA
"Cumberland_Virginia_51049","51049",1970,8.03094777562863,8.04255319148936,7.38297872340426,9.07659574468085,8.77446808510638,9.65106382978723,8.27234042553192,7.95744680851064,7.0936170212766,7.97446808510638,7.45744680851064,8.28368794326241,7.43617021276596,7.48936170212766,NA,NA,NA,NA,NA,NA,NA,NA,NA,NA,NA,NA,NA,NA,NA,NA,NA
"Cumberland_Virginia_51049","51049",2000,9.20283687943262,7.16170212765957,8.54468085106383,8.55744680851064,8.97446808510638,10.2723404255319,10.1957446808511,10.2978723404255,9.91063829787234,9.13191489361702,7.54042553191489,7.70212765957447,8.00425531914894,8.74468085106383,9.06382978723404,10.2340425531915,10.4723404255319,9.50212765957447,9.65531914893617,9.80851063829787,9.55744680851064,9.24255319148936,9.5531914893617,8.91914893617021,8.57021276595745,8.34468085106383,8.75744680851064,9.97872340425532,9.42978723404255,11.731914893617,12.2925531914894
"Cumberland_Virginia_51049","51049",2030,17.7021276595745,13.6950354609929,12.1808510638298,17.7021276595745,NA,NA,NA,NA,NA,NA,NA,NA,NA,NA,NA,NA,NA,NA,NA,NA,NA,NA,NA,NA,NA,NA,NA,NA,NA,NA,NA
"Danville_Virginia_51590","51590",1970,6.96363636363636,6.88,6.28,7.36,7.48,8.64,7.48,7.36,7.16,7.04,5.85,6.46666666666667,5.9,4,NA,NA,NA,NA,NA,NA,NA,NA,NA,NA,NA,NA,NA,NA,NA,NA,NA
"Danville_Virginia_51590","51590",2000,9.03333333333333,6.36,7.16,6.6,7.76,9.64,8.72,9.56,10.72,9,6.92,7.2,7.72,7.68,8.28,9.8,10.6,8.96,9.12,9.88,8.96,8.04,8.64,7.56,7.64,9.68,10.28,11.52,12.52,13.16,12.4
"Danville_Virginia_51590","51590",2030,15.4,14,13.1,15.4,NA,NA,NA,NA,NA,NA,NA,NA,NA,NA,NA,NA,NA,NA,NA,NA,NA,NA,NA,NA,NA,NA,NA,NA,NA,NA,NA
"Dickenson_Virginia_51051","51051",1970,3.83778966131907,3.36078431372549,3.07843137254902,3.46666666666667,3.52156862745098,3.62352941176471,3.43137254901961,3.73725490196078,3.71764705882353,4.46274509803922,4.44607843137255,5.10457516339869,4.81372549019608,6.29411764705882,NA,NA,NA,NA,NA,NA,NA,NA,NA,NA,NA,NA,NA,NA,NA,NA,NA
"Dickenson_Virginia_51051","51051",2000,7.36339869281046,4.46274509803922,5.29019607843137,6.09019607843137,6.76470588235294,6.95294117647059,6.42745098039216,6.70588235294118,5.93333333333333,6.05098039215686,6.32549019607843,7.38039215686274,7.69411764705882,9.03529411764706,8.04705882352941,7.8,7.22352941176471,6.2078431372549,5.84705882352941,7.02745098039216,7.71764705882353,8.33725490196078,9.77647058823529,8.8,8.43529411764706,7.31372549019608,7.57647058823529,7.56470588235294,8.47450980392157,9.64705882352941,10.7549019607843
"Dickenson_Virginia_51051","51051",2030,12.2941176470588,11.437908496732,11.343137254902,12.2941176470588,NA,NA,NA,NA,NA,NA,NA,NA,NA,NA,NA,NA,NA,NA,NA,NA,NA,NA,NA,NA,NA,NA,NA,NA,NA,NA,NA
"Dinwiddie_Virginia_51053","51053",1970,6.67030303030303,6.584,6.10666666666667,7.832,7.89066666666667,8.672,7.67733333333333,7.41066666666667,5.75733333333333,5.856,5.27,5.80888888888889,5.00666666666667,5.42666666666667,NA,NA,NA,NA,NA,NA,NA,NA,NA,NA,NA,NA,NA,NA,NA,NA,NA
"Dinwiddie_Virginia_51053","51053",2000,9.49288888888889,5.88,7.21066666666667,7.112,7.36533333333333,7.95466666666667,7.40266666666667,7.688,9.192,9.76266666666667,9.51733333333333,9.536,10.3466666666667,10.5626666666667,10.5493333333333,11.6453333333333,12.1973333333333,11.3146666666667,10.2693333333333,9.81066666666667,9.42933333333333,9.392,9.48,9.22666666666667,10.1653333333333,10.3946666666667,10.472,10.88,10.5946666666667,11.6773333333333,11.63
"Dinwiddie_Virginia_51053","51053",2030,16.4533333333333,12.6355555555556,12.0266666666667,16.4533333333333,NA,NA,NA,NA,NA,NA,NA,NA,NA,NA,NA,NA,NA,NA,NA,NA,NA,NA,NA,NA,NA,NA,NA,NA,NA,NA,NA
"Emporia_Virginia_51595","51595",1970,6.72727272727273,6.4,5.7,7.5,8.2,8.8,7.6,6.8,6,5.9,5.125,5.83333333333333,6.75,6.5,NA,NA,NA,NA,NA,NA,NA,NA,NA,NA,NA,NA,NA,NA,NA,NA,NA
"Emporia_Virginia_51595","51595",2000,9.43333333333333,5.5,6.3,6.3,6,5.7,5.1,5.7,8.3,8.8,9.6,10.5,11.2,11.3,11.6,13.1,12.7,11.9,10,9.8,7.9,8.4,8.5,9.5,9.6,10.4,10.5,11.1,11.2,13.2,13.75
"Emporia_Virginia_51595","51595",2030,19,15.1666666666667,16.25,19,NA,NA,NA,NA,NA,NA,NA,NA,NA,NA,NA,NA,NA,NA,NA,NA,NA,NA,NA,NA,NA,NA,NA,NA,NA,NA,NA
"Essex_Virginia_51057","51057",1970,6.7004132231405,5.86363636363636,6.14545454545455,7.45909090909091,7.37272727272727,7.90454545454545,6.90909090909091,6.41818181818182,6.13181818181818,6.53181818181818,6.5,7.14393939393939,6.65909090909091,5.75,NA,NA,NA,NA,NA,NA,NA,NA,NA,NA,NA,NA,NA,NA,NA,NA,NA
"Essex_Virginia_51057","51057",2000,9.11212121212121,6.24090909090909,6.68181818181818,6.59090909090909,5.77272727272727,6.42272727272727,6.05,6.75454545454545,7.32272727272727,8.29090909090909,7.99090909090909,8.09545454545455,9.55909090909091,9.97727272727273,10.5318181818182,11.5318181818182,12.0227272727273,10.3590909090909,9.69545454545455,8.66818181818182,8.99090909090909,8.70909090909091,9.46363636363636,8.99090909090909,10.45,9.90909090909091,10.6772727272727,11.9136363636364,12.0954545454545,13.2181818181818,13.6704545454545
"Essex_Virginia_51057","51057",2030,18.8636363636364,15.3106060606061,13.3409090909091,18.8636363636364,NA,NA,NA,NA,NA,NA,NA,NA,NA,NA,NA,NA,NA,NA,NA,NA,NA,NA,NA,NA,NA,NA,NA,NA,NA,NA,NA
"Fairfax_Virginia_51059","51059",1970,5.43465909090909,7.40625,6.396875,6.39375,6.103125,5.96875,4.175,3.98125,4.715625,5.084375,5.109375,5.74479166666667,6.1171875,4.234375,NA,NA,NA,NA,NA,NA,NA,NA,NA,NA,NA,NA,NA,NA,NA,NA,NA
"Fairfax_Virginia_51059","51059",2000,9.5796875,5.14375,6.128125,6.88125,6.84375,8.315625,8.459375,8.8375,8.609375,8.55,8.14375,8.621875,10.3625,11.25,11.771875,11.959375,11.290625,9.284375,8.79375,8.259375,8.61875,8.91875,9.690625,9.803125,10.053125,9.38125,10.11875,12.359375,12.140625,14.06875,15.3515625
"Fairfax_Virginia_51059","51059",2030,18.34375,17.0572916666667,13.7109375,18.34375,NA,NA,NA,NA,NA,NA,NA,NA,NA,NA,NA,NA,NA,NA,NA,NA,NA,NA,NA,NA,NA,NA,NA,NA,NA,NA,NA
"Fairfax_Virginia_51600","51600",1970,5.81818181818182,8.4,7.6,7,6.6,6.2,4.4,4.2,5,5.2,5.25,6,6,4,NA,NA,NA,NA,NA,NA,NA,NA,NA,NA,NA,NA,NA,NA,NA,NA,NA
"Fairfax_Virginia_51600","51600",2000,9.66666666666667,5,6.2,7,7,8.6,9,9.2,8.8,8.6,8.2,8.6,10.8,11.8,12.2,12.2,11.6,9.4,9,8.6,8.8,9.2,9.8,9.6,9.8,9.6,10,12,11.8,13.8,14.75
"Fairfax_Virginia_51600","51600",2030,18,16.6666666666667,13.5,18,NA,NA,NA,NA,NA,NA,NA,NA,NA,NA,NA,NA,NA,NA,NA,NA,NA,NA,NA,NA,NA,NA,NA,NA,NA,NA,NA
"Fauquier_Virginia_51061","51061",1970,5.97929792979298,7.79207920792079,7.24752475247525,7.34059405940594,7.35841584158416,7.47920792079208,5.41584158415842,4.75049504950495,5.16633663366337,5.19405940594059,4.77722772277228,5.49174917491749,5.68316831683168,3.23762376237624,NA,NA,NA,NA,NA,NA,NA,NA,NA,NA,NA,NA,NA,NA,NA,NA,NA
"Fauquier_Virginia_51061","51061",2000,9.35643564356436,5.12475247524752,6.41386138613861,7.14455445544554,7.2990099009901,9.46534653465346,9.56237623762376,9.74653465346535,9.27722772277228,8.77623762376238,7.56237623762376,8.2970297029703,9.17425742574257,9.94257425742574,10.8277227722772,11.4990099009901,10.3227722772277,9.09306930693069,8.35841584158416,8.14455445544554,8.15445544554455,8.39405940594059,9.32277227722772,9.85346534653465,9.58217821782178,9.28118811881188,10.2118811881188,11.8455445544554,11.5623762376238,12.9762376237624,13.7450495049505
"Fauquier_Virginia_51061","51061",2030,15.4653465346535,14.7788778877888,11.6435643564356,15.4653465346535,NA,NA,NA,NA,NA,NA,NA,NA,NA,NA,NA,NA,NA,NA,NA,NA,NA,NA,NA,NA,NA,NA,NA,NA,NA,NA,NA
"Floyd_Virginia_51063","51063",1970,7.41692789968652,7.90689655172414,6.15862068965517,6.74137931034483,6.46551724137931,7.51724137931035,6.31724137931035,7.99655172413793,8.41379310344828,8.82068965517241,8.23706896551724,9.94252873563218,8.12931034482759,5.81034482758621,NA,NA,NA,NA,NA,NA,NA,NA,NA,NA,NA,NA,NA,NA,NA,NA,NA
"Floyd_Virginia_51063","51063",2000,9.97758620689655,8.09310344827586,8.96206896551724,7.71379310344828,7.46206896551724,8.9,8.12758620689655,9.05172413793103,9.2551724137931,8.90689655172414,7.96896551724138,8.73448275862069,9.00689655172414,10.2620689655172,10.3689655172414,10.6931034482759,11.3103448275862,9.50689655172414,9.16206896551724,9.48965517241379,9.93448275862069,8.98965517241379,10.7724137931034,9.78620689655173,10.5862068965517,10.4551724137931,11.7931034482759,13.1344827586207,13.6862068965517,15.3931034482759,16.3663793103448
"Floyd_Virginia_51063","51063",2030,22.1551724137931,17.6436781609195,16.4396551724138,22.1551724137931,NA,NA,NA,NA,NA,NA,NA,NA,NA,NA,NA,NA,NA,NA,NA,NA,NA,NA,NA,NA,NA,NA,NA,NA,NA,NA,NA
"Fluvanna_Virginia_51065","51065",1970,7.84297520661157,7.50909090909091,8.07727272727273,9.45,9.23181818181818,10.1909090909091,8.15454545454545,7.03636363636364,6.53636363636364,7.22727272727273,6.18181818181818,7.22727272727273,6.59090909090909,6.34090909090909,NA,NA,NA,NA,NA,NA,NA,NA,NA,NA,NA,NA,NA,NA,NA,NA,NA
"Fluvanna_Virginia_51065","51065",2000,8.68863636363636,5.96818181818182,6.86818181818182,6.87727272727273,7.28636363636364,8.19545454545455,8.18181818181818,8.66363636363636,8.15454545454545,7.49545454545455,6.23181818181818,6.40909090909091,6.96363636363636,7.59545454545454,7.95454545454545,9.20909090909091,9.34545454545455,8.57272727272727,9.35,9.45454545454546,9.85909090909091,9.68636363636364,10.3181818181818,9.50909090909091,9.80909090909091,8.9,9.27727272727273,10.6954545454545,10.6454545454545,12.3136363636364,13.3125
"Fluvanna_Virginia_51065","51065",2030,17.75,15.2045454545455,13.25,17.75,NA,NA,NA,NA,NA,NA,NA,NA,NA,NA,NA,NA,NA,NA,NA,NA,NA,NA,NA,NA,NA,NA,NA,NA,NA,NA,NA
"Franklin_Virginia_51067","51067",1970,7.34778982485405,7.18532110091743,6.28073394495413,7.68807339449541,7.71559633027523,8.36697247706422,6.71192660550459,7.74311926605505,7.70825688073394,7.63119266055046,7.20871559633027,8.67889908256881,7.06422018348624,3.84403669724771,NA,NA,NA,NA,NA,NA,NA,NA,NA,NA,NA,NA,NA,NA,NA,NA,NA
"Franklin_Virginia_51067","51067",2000,9.71926605504587,7.24403669724771,8.38348623853211,7.66422018348624,7.48990825688073,9.22752293577982,8.60183486238532,9.55229357798165,9.77798165137615,9.21651376146789,8.15229357798165,8.88807339449541,9.09357798165138,9.68990825688073,9.90825688073394,10.5889908256881,11.1412844036697,9.12844036697248,8.81834862385321,9.30275229357798,9.26605504587156,8.20550458715596,10.1082568807339,9.5651376146789,9.89357798165138,10.0788990825688,10.8220183486239,12.4330275229358,12.8,15.0091743119266,15.9220183486239
"Franklin_Virginia_51067","51067",2030,22.8073394495413,18.1926605504587,16.3990825688073,22.8073394495413,NA,NA,NA,NA,NA,NA,NA,NA,NA,NA,NA,NA,NA,NA,NA,NA,NA,NA,NA,NA,NA,NA,NA,NA,NA,NA,NA
"Franklin_Virginia_51620","51620",1970,7.36363636363636,8.6,7,9,8.8,9.2,7.8,7.4,5.8,6.2,5.5,6.33333333333333,5.5,7,NA,NA,NA,NA,NA,NA,NA,NA,NA,NA,NA,NA,NA,NA,NA,NA,NA
"Franklin_Virginia_51620","51620",2000,10.2666666666667,6,6.4,5.6,5.8,6,5.6,7.4,9.4,10.4,10,10.4,11,11.6,11.2,12.6,12.4,11,9.4,10,9.2,10.4,10,10.6,10.6,12,12.4,14.6,15,16.4,16.5
"Franklin_Virginia_51620","51620",2030,18,17,16,18,NA,NA,NA,NA,NA,NA,NA,NA,NA,NA,NA,NA,NA,NA,NA,NA,NA,NA,NA,NA,NA,NA,NA,NA,NA,NA,NA
"Frederick_Virginia_51069","51069",1970,4.0427807486631,4.74411764705882,4.14411764705882,4.38529411764706,4.49411764705882,4.76470588235294,3.81176470588235,3.72352941176471,3.90882352941176,4.00882352941176,3.96323529411765,4.15196078431373,4.61764705882353,3,NA,NA,NA,NA,NA,NA,NA,NA,NA,NA,NA,NA,NA,NA,NA,NA,NA
"Frederick_Virginia_51069","51069",2000,7.23382352941176,4.07352941176471,4.96176470588235,5.52352941176471,5.53235294117647,7.31764705882353,7.46470588235294,6.95588235294118,6.84117647058823,7.01470588235294,5.69117647058824,6.15882352941177,7.24705882352941,7.74705882352941,8.05,8.80882352941176,7.95294117647059,7.24117647058824,6.53823529411765,6.27647058823529,6.09411764705882,6.59411764705882,7.03235294117647,6.96764705882353,7.02352941176471,6.96176470588235,7.27647058823529,9.13823529411765,9.78529411764706,9.73235294117647,10.1948529411765
"Frederick_Virginia_51069","51069",2030,7.36764705882353,11.1323529411765,7.36029411764706,7.36764705882353,NA,NA,NA,NA,NA,NA,NA,NA,NA,NA,NA,NA,NA,NA,NA,NA,NA,NA,NA,NA,NA,NA,NA,NA,NA,NA,NA
"Fredericksburg_Virginia_51630","51630",1970,6.36363636363636,6.6,6.2,7.53333333333333,7.33333333333333,7.8,6.53333333333333,6.26666666666667,5.66666666666667,6.06666666666667,5.83333333333333,6.22222222222222,5.5,4,NA,NA,NA,NA,NA,NA,NA,NA,NA,NA,NA,NA,NA,NA,NA,NA,NA
"Fredericksburg_Virginia_51630","51630",2000,8.93333333333333,5.93333333333333,7.06666666666667,7.66666666666667,7.73333333333333,8.93333333333333,9.06666666666667,9.33333333333333,8.93333333333333,9.2,8.4,8.53333333333333,9.26666666666667,10,10.4,11.6,10.9333333333333,9.26666666666667,8.66666666666667,7.53333333333333,7.33333333333333,7,7.13333333333333,6.66666666666667,7.33333333333333,7.06666666666667,8.93333333333333,11.4666666666667,11.6666666666667,14.1333333333333,15.25
"Fredericksburg_Virginia_51630","51630",2030,20.6666666666667,16.3333333333333,14.3333333333333,20.6666666666667,NA,NA,NA,NA,NA,NA,NA,NA,NA,NA,NA,NA,NA,NA,NA,NA,NA,NA,NA,NA,NA,NA,NA,NA,NA,NA,NA
"Galax_Virginia_51640","51640",1970,6.5,6.6,5.3,5.1,5.7,7.1,5.6,7.3,8.2,8.1,7.5,9.33333333333333,6.75,5,NA,NA,NA,NA,NA,NA,NA,NA,NA,NA,NA,NA,NA,NA,NA,NA,NA
"Galax_Virginia_51640","51640",2000,8.76666666666667,7.8,9.1,7.3,6.9,7.6,6.3,6.8,6.5,6.4,5.9,6.5,6.3,7.9,8.1,8.3,9.3,8.1,7.7,8.8,8.8,7.5,10.8,10.6,10.4,11,12.7,12,12.6,13.9,14.875
"Galax_Virginia_51640","51640",2030,18,15.6666666666667,15,18,NA,NA,NA,NA,NA,NA,NA,NA,NA,NA,NA,NA,NA,NA,NA,NA,NA,NA,NA,NA,NA,NA,NA,NA,NA,NA,NA
"Giles_Virginia_51071","51071",1970,4.08777429467085,3.75862068965517,2.87241379310345,3.2,3.35862068965517,4.17586206896552,3.80344827586207,4.11034482758621,4.61724137931034,5.21034482758621,4.91810344827586,6.10344827586207,6.36206896551724,5.87931034482759,NA,NA,NA,NA,NA,NA,NA,NA,NA,NA,NA,NA,NA,NA,NA,NA,NA
"Giles_Virginia_51071","51071",2000,6.69022988505747,4.92758620689655,5.73103448275862,5.38965517241379,5.22068965517241,6.05172413793103,5.27241379310345,5.54827586206897,5.57931034482759,5.84827586206897,5.5448275862069,5.87931034482759,6.31034482758621,7.26896551724138,6.53793103448276,6.11724137931034,6.77931034482759,5.74137931034483,5.3,6.03793103448276,6.32068965517241,6.00344827586207,7.07586206896552,6.71034482758621,7.25172413793103,7.20344827586207,8.03448275862069,9.01724137931035,9.89310344827586,11.0758620689655,11.948275862069
"Giles_Virginia_51071","51071",2030,16,13.0574712643678,12.5862068965517,16,NA,NA,NA,NA,NA,NA,NA,NA,NA,NA,NA,NA,NA,NA,NA,NA,NA,NA,NA,NA,NA,NA,NA,NA,NA,NA,NA
"Gloucester_Virginia_51073","51073",1970,8.12121212121212,7.48888888888889,6.42777777777778,8.69444444444444,8.78888888888889,8.98888888888889,8.62777777777778,8.81111111111111,7.75,8.11111111111111,8.29166666666667,9.09259259259259,7.77777777777778,7.11111111111111,NA,NA,NA,NA,NA,NA,NA,NA,NA,NA,NA,NA,NA,NA,NA,NA,NA
"Gloucester_Virginia_51073","51073",2000,10.2138888888889,7.86111111111111,8.43333333333333,7.42222222222222,6.53888888888889,6.35,6.19444444444444,6.70555555555556,7.83888888888889,9.76111111111111,9.8,10.1444444444444,11.3388888888889,11.5944444444444,10.95,12.5611111111111,13.1,11.4888888888889,11.2277777777778,11,10.3722222222222,10.0722222222222,11.0055555555556,10.4333333333333,10.7111111111111,11.1888888888889,12.0277777777778,13.0611111111111,12.7666666666667,14.5555555555556,14.7777777777778
"Gloucester_Virginia_51073","51073",2030,19.6111111111111,15.5462962962963,13.7916666666667,19.6111111111111,NA,NA,NA,NA,NA,NA,NA,NA,NA,NA,NA,NA,NA,NA,NA,NA,NA,NA,NA,NA,NA,NA,NA,NA,NA,NA,NA
"Goochland_Virginia_51075","51075",1970,7.15151515151515,6.82222222222222,6.90666666666667,8.10222222222222,8.56444444444444,9.72,8.23111111111111,6.91555555555556,6.28888888888889,6.86666666666667,6.07222222222222,6.48888888888889,6.8,6.71111111111111,NA,NA,NA,NA,NA,NA,NA,NA,NA,NA,NA,NA,NA,NA,NA,NA,NA
"Goochland_Virginia_51075","51075",2000,8.96,5.80888888888889,6.79555555555556,7.40444444444444,7.34666666666667,8.12888888888889,8.25777777777778,8.76888888888889,8.79111111111111,8.48,7.57777777777778,7.59111111111111,8.08,8.40444444444444,9.03111111111111,10.1955555555556,10.7111111111111,9.62222222222222,9.86666666666667,9.98222222222222,9.92444444444445,9.56444444444444,9.93333333333333,9.17777777777778,9.18222222222222,8.76444444444444,9.14222222222222,10.3111111111111,10.1155555555556,11.9688888888889,12.5722222222222
"Goochland_Virginia_51075","51075",2030,18.0444444444444,14.0518518518519,12.5777777777778,18.0444444444444,NA,NA,NA,NA,NA,NA,NA,NA,NA,NA,NA,NA,NA,NA,NA,NA,NA,NA,NA,NA,NA,NA,NA,NA,NA,NA,NA
"Grayson_Virginia_51077","51077",1970,6.27840909090909,6.325,5.465625,5.496875,5.80625,6.83125,5.4125,6.275,7.284375,7.475,7.1640625,8.765625,7.6015625,5.15625,NA,NA,NA,NA,NA,NA,NA,NA,NA,NA,NA,NA,NA,NA,NA,NA,NA
"Grayson_Virginia_51077","51077",2000,8.67291666666667,7.553125,8.490625,7.38125,6.95,7.81875,6.4875,7.18125,7.265625,7.084375,6.428125,7.090625,7.015625,8.29375,8.2625,8.653125,9.115625,8.171875,7.740625,8.609375,9.125,8.478125,10.540625,9.540625,9.49375,8.509375,9.909375,10.31875,11.815625,13.0125,14.80859375
"Grayson_Virginia_51077","51077",2030,16.921875,15.796875,14.8046875,16.921875,NA,NA,NA,NA,NA,NA,NA,NA,NA,NA,NA,NA,NA,NA,NA,NA,NA,NA,NA,NA,NA,NA,NA,NA,NA,NA,NA
"Greene_Virginia_51079","51079",1970,9.35227272727273,9.85833333333333,9.45,10.8,10.1583333333333,10.975,8.575,7.76666666666667,7.95,9.00833333333333,8.41666666666667,9.84722222222222,10.7916666666667,9.125,NA,NA,NA,NA,NA,NA,NA,NA,NA,NA,NA,NA,NA,NA,NA,NA,NA
"Greene_Virginia_51079","51079",2000,11.9083333333333,8.625,9.94166666666667,10.2583333333333,10.25,11.175,11.25,11.7583333333333,11.5333333333333,10.5833333333333,9.85,9.975,10.9083333333333,11.2583333333333,11.7916666666667,12.775,11.9416666666667,10.5583333333333,11.275,11.925,11.525,12.0083333333333,13.0333333333333,12.0916666666667,11.925,11.1333333333333,11.45,14.2333333333333,15.0333333333333,16.0083333333333,17.75
"Greene_Virginia_51079","51079",2030,17.625,20.2361111111111,15.3333333333333,17.625,NA,NA,NA,NA,NA,NA,NA,NA,NA,NA,NA,NA,NA,NA,NA,NA,NA,NA,NA,NA,NA,NA,NA,NA,NA,NA,NA
"Greensville_Virginia_51081","51081",1970,6.84584980237154,6.58695652173913,5.96086956521739,7.89565217391304,8.43913043478261,9.22608695652174,7.8304347826087,7.16086956521739,5.95652173913043,5.7,4.89673913043478,5.69565217391304,5.85869565217391,6.04347826086957,NA,NA,NA,NA,NA,NA,NA,NA,NA,NA,NA,NA,NA,NA,NA,NA,NA
"Greensville_Virginia_51081","51081",2000,9.75217391304348,5.38695652173913,6.50869565217391,6.37391304347826,6.50434782608696,6.61739130434783,6.20434782608696,6.71739130434783,9.37391304347826,9.96521739130435,10.3130434782609,10.9391304347826,11.8652173913043,11.4434782608696,11.4,12.6695652173913,12.3869565217391,11.5130434782609,9.99565217391304,10.0304347826087,8.59565217391304,9.25217391304348,9.02173913043478,9.89130434782609,9.96521739130435,10.7391304347826,10.6826086956522,11.4608695652174,11.4347826086957,13.0478260869565,13.4619565217391
"Greensville_Virginia_51081","51081",2030,17.6739130434783,14.6159420289855,15.0869565217391,17.6739130434783,NA,NA,NA,NA,NA,NA,NA,NA,NA,NA,NA,NA,NA,NA,NA,NA,NA,NA,NA,NA,NA,NA,NA,NA,NA,NA,NA
"Halifax_Virginia_51083","51083",1970,7.4040404040404,7.33015873015873,6.99365079365079,8.34444444444444,8.29365079365079,8.63333333333333,7.63333333333333,7.41111111111111,7.04603174603175,7.12222222222222,6.66666666666667,7.37566137566138,6.52380952380952,4.49206349206349,NA,NA,NA,NA,NA,NA,NA,NA,NA,NA,NA,NA,NA,NA,NA,NA,NA
"Halifax_Virginia_51083","51083",2000,9.3484126984127,6.61428571428571,7.54126984126984,6.84126984126984,8.03174603174603,9.07142857142857,8.84920634920635,9.54285714285714,10.6444444444444,8.95079365079365,8.04126984126984,8.25714285714286,8.56507936507936,8.43650793650794,8.86349206349206,10.515873015873,11.1079365079365,9.64126984126984,10.2269841269841,10.8888888888889,9.55079365079365,8.58888888888889,9.27936507936508,8.2,7.96984126984127,9.34761904761905,9.93333333333333,11.2301587301587,11.7412698412698,13.0444444444444,12.9047619047619
"Halifax_Virginia_51083","51083",2030,16.8492063492063,14.7222222222222,13.6904761904762,16.8492063492063,NA,NA,NA,NA,NA,NA,NA,NA,NA,NA,NA,NA,NA,NA,NA,NA,NA,NA,NA,NA,NA,NA,NA,NA,NA,NA,NA
"Hampton_Virginia_51650","51650",1970,7.73863636363636,8.7,7.25,9.075,7.925,8.05,7.375,7.875,6.45,7.45,7.34375,8,6.25,7.5,NA,NA,NA,NA,NA,NA,NA,NA,NA,NA,NA,NA,NA,NA,NA,NA,NA
"Hampton_Virginia_51650","51650",2000,10.3916666666667,7.55,8,7.475,7.75,7.35,7.05,8.15,9,10.1,10.325,11.175,11.725,11.7,11.45,12.425,11.625,9.725,9,8.6,8.15,9.475,11.025,11.3,11.425,12.825,12.7,12.975,13.875,15.675,15.53125
"Hampton_Virginia_51650","51650",2030,18.25,16.3333333333333,16.75,18.25,NA,NA,NA,NA,NA,NA,NA,NA,NA,NA,NA,NA,NA,NA,NA,NA,NA,NA,NA,NA,NA,NA,NA,NA,NA,NA,NA
"Hanover_Virginia_51085","51085",1970,6.82814445828144,6.6986301369863,6.51506849315069,7.98356164383562,8.31506849315068,9.2986301369863,8.16438356164384,7.16712328767123,6.17260273972603,6.14520547945205,5.33561643835616,5.35159817351598,5.29452054794521,4.32876712328767,NA,NA,NA,NA,NA,NA,NA,NA,NA,NA,NA,NA,NA,NA,NA,NA,NA
"Hanover_Virginia_51085","51085",2000,9.55433789954338,5.24657534246575,6.22739726027397,6.95890410958904,7.01369863013699,7.98630136986301,7.76986301369863,8.55616438356164,8.93698630136986,9.22465753424657,8.96164383561644,9.2027397260274,9.44931506849315,9.43013698630137,9.90684931506849,10.6054794520548,11.1972602739726,10.2164383561644,10.2438356164384,9.53972602739726,9.90958904109589,9.64657534246575,10.2739726027397,9.60547945205479,10.4109589041096,10.2465753424658,10.958904109589,11.8931506849315,12.1506849315068,13.8301369863014,14.1883561643836
"Hanover_Virginia_51085","51085",2030,19.2602739726027,15.5114155251142,14.1369863013699,19.2602739726027,NA,NA,NA,NA,NA,NA,NA,NA,NA,NA,NA,NA,NA,NA,NA,NA,NA,NA,NA,NA,NA,NA,NA,NA,NA,NA,NA
"Harrisonburg_Virginia_51660","51660",1970,3.09090909090909,3.06666666666667,2.6,3.86666666666667,3.33333333333333,4.06666666666667,3.6,3.06666666666667,2.53333333333333,2.86666666666667,2.33333333333333,3.11111111111111,3.83333333333333,2,NA,NA,NA,NA,NA,NA,NA,NA,NA,NA,NA,NA,NA,NA,NA,NA,NA
"Harrisonburg_Virginia_51660","51660",2000,6.26666666666667,2.26666666666667,3.46666666666667,4.13333333333333,4.66666666666667,6.26666666666667,6.93333333333333,6.66666666666667,6.2,5.2,3.86666666666667,4.13333333333333,4.53333333333333,5.26666666666667,5.4,6.4,6.06666666666667,5.13333333333333,4.8,5.4,5.8,5.53333333333333,7.4,7.86666666666667,7.93333333333333,7.4,8,9.33333333333333,9.33333333333333,10.0666666666667,10.6666666666667
"Harrisonburg_Virginia_51660","51660",2030,11,12,9,11,NA,NA,NA,NA,NA,NA,NA,NA,NA,NA,NA,NA,NA,NA,NA,NA,NA,NA,NA,NA,NA,NA,NA,NA,NA,NA,NA
"Henrico_Virginia_51087","51087",1970,6.62899262899263,6.47567567567568,6.1027027027027,7.8,7.87567567567568,9.09189189189189,8.07027027027027,7.10810810810811,5.82162162162162,5.92972972972973,5.04054054054054,5.09009009009009,5.48648648648649,4.81081081081081,NA,NA,NA,NA,NA,NA,NA,NA,NA,NA,NA,NA,NA,NA,NA,NA,NA
"Henrico_Virginia_51087","51087",2000,9.70540540540541,5.08108108108108,5.95675675675676,6.78378378378378,6.52972972972973,7.08108108108108,6.81081081081081,7.74054054054054,8.60540540540541,9.62162162162162,9.83783783783784,9.95135135135135,10.3081081081081,10.3567567567568,10.2540540540541,11.3297297297297,12.1243243243243,11.1459459459459,10.4486486486486,9.88648648648649,9.73513513513513,9.35675675675676,9.71891891891892,9.31351351351351,10.3351351351351,10.3351351351351,11.2702702702703,12.4324324324324,12.7243243243243,14.1405405405405,14.3581081081081
"Henrico_Virginia_51087","51087",2030,18.8378378378378,15.4054054054054,13.8918918918919,18.8378378378378,NA,NA,NA,NA,NA,NA,NA,NA,NA,NA,NA,NA,NA,NA,NA,NA,NA,NA,NA,NA,NA,NA,NA,NA,NA,NA,NA
"Henry_Virginia_51089","51089",1970,7.9537750385208,7.62033898305085,6.58305084745763,8.09152542372881,8.05084745762712,9.25762711864407,7.54576271186441,8.4135593220339,8.53559322033898,8.46779661016949,7.56779661016949,9.08474576271187,7.88983050847458,4.35593220338983,NA,NA,NA,NA,NA,NA,NA,NA,NA,NA,NA,NA,NA,NA,NA,NA,NA
"Henry_Virginia_51089","51089",2000,10.1446327683616,7.56949152542373,9.02033898305085,8.11186440677966,8.08474576271187,9.94237288135593,9.89152542372881,10.464406779661,11.1898305084746,10.1966101694915,8.65084745762712,8.52542372881356,9.12881355932203,9.67118644067797,10.0847457627119,11.0305084745763,11.8813559322034,9.82372881355932,9.34576271186441,10.0915254237288,9.66440677966102,8.73220338983051,9.94576271186441,8.90508474576271,8.78305084745763,9.36271186440678,10.2745762711864,12.3796610169492,13.6440677966102,16.128813559322,17.3093220338983
"Henry_Virginia_51089","51089",2030,23.9322033898305,19.4632768361582,17.9661016949153,23.9322033898305,NA,NA,NA,NA,NA,NA,NA,NA,NA,NA,NA,NA,NA,NA,NA,NA,NA,NA,NA,NA,NA,NA,NA,NA,NA,NA,NA
"Highland_Virginia_51091","51091",1970,5.20979020979021,5.14153846153846,5.20307692307692,5.63692307692308,5.55384615384615,5.65538461538462,5.36,4.90461538461538,4.78461538461538,5.29230769230769,5.08461538461538,5.55897435897436,5.93846153846154,5.2,NA,NA,NA,NA,NA,NA,NA,NA,NA,NA,NA,NA,NA,NA,NA,NA,NA
"Highland_Virginia_51091","51091",2000,7.2374358974359,5.03692307692308,5.80923076923077,6.51692307692308,6.28,7.44307692307692,7.51384615384615,7.12307692307692,6.47384615384615,6.79076923076923,5.17538461538462,5.81846153846154,7.24307692307692,7.79384615384615,7.45538461538462,8.76307692307692,8.76615384615385,7.48615384615385,7.25846153846154,7.48615384615385,7.64,7.12,7.94153846153846,7.41846153846154,7.65538461538462,7.05230769230769,7.40307692307692,7.44,7.96307692307692,9.00307692307692,9.44615384615385
"Highland_Virginia_51091","51091",2030,12.9076923076923,10.0666666666667,9.80769230769231,12.9076923076923,NA,NA,NA,NA,NA,NA,NA,NA,NA,NA,NA,NA,NA,NA,NA,NA,NA,NA,NA,NA,NA,NA,NA,NA,NA,NA,NA
"Hopewell_Virginia_51670","51670",1970,6.27272727272727,6.8,5.6,7,6.8,8,7.2,6.4,5.6,6,5.5,5.66666666666667,6.5,6,NA,NA,NA,NA,NA,NA,NA,NA,NA,NA,NA,NA,NA,NA,NA,NA,NA
"Hopewell_Virginia_51670","51670",2000,10.1,5.4,6.2,7.2,6.8,7.4,7.4,8,8.8,9.2,9,8.8,9.8,10.4,10.8,11.8,12.6,11.4,9.8,9.4,9.6,10,11.6,11.6,12.8,12.6,13,12.6,12.8,14.6,15
"Hopewell_Virginia_51670","51670",2030,22,16,15.5,22,NA,NA,NA,NA,NA,NA,NA,NA,NA,NA,NA,NA,NA,NA,NA,NA,NA,NA,NA,NA,NA,NA,NA,NA,NA,NA,NA
"IsleofWight_Virginia_51093","51093",1970,7.34879406307978,8.13877551020408,6.74285714285714,8.8,8.46122448979592,9.09387755102041,7.91428571428571,7.57142857142857,6.02857142857143,6.46530612244898,5.77040816326531,6.42857142857143,5.70408163265306,6.69387755102041,NA,NA,NA,NA,NA,NA,NA,NA,NA,NA,NA,NA,NA,NA,NA,NA,NA
"IsleofWight_Virginia_51093","51093",2000,10.3163265306122,6.14285714285714,6.73061224489796,6.40816326530612,6.45714285714286,6.93469387755102,6.3469387755102,7.4530612244898,9.10612244897959,10.6040816326531,9.81632653061224,10.5020408163265,11.4163265306122,11.5142857142857,10.7265306122449,12.3918367346939,12.3183673469388,10.8448979591837,9.80816326530612,10.0326530612245,9.19591836734694,10.1142857142857,10.8244897959184,11.1469387755102,11.5510204081633,12.7795918367347,12.7061224489796,13.4816326530612,13.9142857142857,15.530612244898,15.5561224489796
"IsleofWight_Virginia_51093","51093",2030,19.734693877551,16.7482993197279,16.6734693877551,19.734693877551,NA,NA,NA,NA,NA,NA,NA,NA,NA,NA,NA,NA,NA,NA,NA,NA,NA,NA,NA,NA,NA,NA,NA,NA,NA,NA,NA
"JamesCity_Virginia_51095","51095",1970,8.37878787878788,7.39166666666667,6.53333333333333,8.875,9.26666666666667,9.575,8.95,9.43333333333333,8.21666666666667,8.225,8.38541666666667,9.43055555555556,7.60416666666667,6.70833333333333,NA,NA,NA,NA,NA,NA,NA,NA,NA,NA,NA,NA,NA,NA,NA,NA,NA
"JamesCity_Virginia_51095","51095",2000,10.1805555555556,7.925,8.73333333333333,7.625,6.775,6.66666666666667,6.54166666666667,6.99166666666667,8.24166666666667,10.15,10.1666666666667,10.3333333333333,11.6583333333333,11.5583333333333,10.6,12.025,12.475,10.975,10.3,9.96666666666667,9.51666666666667,9.48333333333333,10.3083333333333,10.2583333333333,11.1583333333333,11.6833333333333,12.4166666666667,13.1333333333333,13.1,14.675,14.90625
"JamesCity_Virginia_51095","51095",2030,19.7083333333333,15.8611111111111,14.6041666666667,19.7083333333333,NA,NA,NA,NA,NA,NA,NA,NA,NA,NA,NA,NA,NA,NA,NA,NA,NA,NA,NA,NA,NA,NA,NA,NA,NA,NA,NA
"KingGeorge_Virginia_51099","51099",1970,6.67857142857143,6.02142857142857,5.7,6.67857142857143,6.83571428571429,7.27857142857143,6.2,6.15,6.60714285714286,7.17142857142857,7.51785714285714,8.33333333333333,8.30357142857143,7.03571428571429,NA,NA,NA,NA,NA,NA,NA,NA,NA,NA,NA,NA,NA,NA,NA,NA,NA
"KingGeorge_Virginia_51099","51099",2000,9.21547619047619,7.29285714285714,7.9,7.68571428571429,6.63571428571429,7.35,6.92857142857143,7.65714285714286,7.97142857142857,8.61428571428571,8.1,8.84285714285714,9.53571428571428,10.0357142857143,10.5285714285714,11.3785714285714,11.0785714285714,9.70714285714286,9.24285714285714,8.55,8.70714285714286,8.18571428571429,8.71428571428571,8.62142857142857,9.37142857142857,9.10714285714286,10.4,11.95,11.7357142857143,13.7357142857143,14.2321428571429
"KingGeorge_Virginia_51099","51099",2030,20.2857142857143,15.5238095238095,13.9107142857143,20.2857142857143,NA,NA,NA,NA,NA,NA,NA,NA,NA,NA,NA,NA,NA,NA,NA,NA,NA,NA,NA,NA,NA,NA,NA,NA,NA,NA,NA
"KingWilliam_Virginia_51101","51101",1970,7.03925619834711,6.23636363636364,6.36363636363636,7.93181818181818,8.06363636363636,8.73181818181818,7.65909090909091,7.08181818181818,6.45909090909091,6.65909090909091,6.35227272727273,6.95454545454546,6.48863636363636,5.47727272727273,NA,NA,NA,NA,NA,NA,NA,NA,NA,NA,NA,NA,NA,NA,NA,NA,NA
"KingWilliam_Virginia_51101","51101",2000,9.47954545454545,5.97727272727273,6.57727272727273,6.57272727272727,5.95,6.35454545454545,6.28636363636364,7.08636363636364,7.94090909090909,9.25454545454545,9.43636363636364,9.49545454545455,10.2954545454545,10.0772727272727,10.0590909090909,11.2636363636364,12.1090909090909,10.9818181818182,10.7409090909091,9.94090909090909,9.83636363636364,9.28181818181818,10.15,9.80909090909091,10.9409090909091,10.5409090909091,11.2909090909091,11.6909090909091,11.7363636363636,13.1772727272727,13.4943181818182
"KingWilliam_Virginia_51101","51101",2030,19.7272727272727,14.780303030303,14.0454545454545,19.7272727272727,NA,NA,NA,NA,NA,NA,NA,NA,NA,NA,NA,NA,NA,NA,NA,NA,NA,NA,NA,NA,NA,NA,NA,NA,NA,NA,NA
"KingandQueen_Virginia_51097","51097",1970,7.40340909090909,6.6125,6.5,8.10833333333333,8.2125,8.72916666666667,7.7125,7.55833333333333,7.02083333333333,7.25416666666667,7.15625,7.90972222222222,7.05208333333333,5.79166666666667,NA,NA,NA,NA,NA,NA,NA,NA,NA,NA,NA,NA,NA,NA,NA,NA,NA
"KingandQueen_Virginia_51097","51097",2000,9.40347222222222,6.59583333333333,7.15,6.7875,5.90416666666667,6.29166666666667,6.39583333333333,6.875,7.75416666666667,9.19166666666667,9.075,8.94583333333333,10.4208333333333,10.3208333333333,10.3333333333333,11.7166666666667,12.4458333333333,10.8791666666667,10.5416666666667,9.775,9.56666666666667,9.1625,9.925,9.6,10.4875,10.1166666666667,11.0208333333333,11.5875,11.4166666666667,13.1375,13.6302083333333
"KingandQueen_Virginia_51097","51097",2030,20.3541666666667,14.7152777777778,13.9479166666667,20.3541666666667,NA,NA,NA,NA,NA,NA,NA,NA,NA,NA,NA,NA,NA,NA,NA,NA,NA,NA,NA,NA,NA,NA,NA,NA,NA,NA,NA
"Lancaster_Virginia_51103","51103",1970,7.98418972332016,8.04347826086956,7.39130434782609,9.0695652173913,8.86086956521739,8.60869565217391,7.38260869565217,7.41739130434783,6.81739130434783,7.71304347826087,8.08695652173913,9.28985507246377,9.06521739130435,8.39130434782609,NA,NA,NA,NA,NA,NA,NA,NA,NA,NA,NA,NA,NA,NA,NA,NA,NA
"Lancaster_Virginia_51103","51103",2000,10.4521739130435,7.86086956521739,8.47826086956522,8.16521739130435,7.00869565217391,6.91304347826087,6.70434782608696,7.54782608695652,8.41739130434783,9.62608695652174,9.24347826086957,9.19130434782609,10.4521739130435,10.3652173913043,10.5652173913043,11.8086956521739,12.6260869565217,11.4173913043478,12.0782608695652,12.4782608695652,12.3304347826087,12.0260869565217,12.295652173913,11.1565217391304,10.9130434782609,10.7652173913043,11.7739130434783,12.6086956521739,12.5304347826087,14.8,15.8152173913043
"Lancaster_Virginia_51103","51103",2030,23.1304347826087,16.6666666666667,16.2173913043478,23.1304347826087,NA,NA,NA,NA,NA,NA,NA,NA,NA,NA,NA,NA,NA,NA,NA,NA,NA,NA,NA,NA,NA,NA,NA,NA,NA,NA,NA
"Lee_Virginia_51105","51105",1970,7.10519480519481,6.27142857142857,6.65428571428571,6.15142857142857,5.93428571428571,5.67714285714286,5.47142857142857,5.48857142857143,7.00857142857143,8.23714285714286,9.24642857142857,10.8809523809524,11.9857142857143,12.3571428571429,NA,NA,NA,NA,NA,NA,NA,NA,NA,NA,NA,NA,NA,NA,NA,NA,NA
"Lee_Virginia_51105","51105",2000,11.1290476190476,8.61142857142857,8.9,9.33142857142857,9.19714285714286,8.86285714285714,9.01714285714286,10.6828571428571,10.6828571428571,10.4742857142857,9.89142857142857,11.3228571428571,11.86,13.02,11.5714285714286,11.7657142857143,10.2428571428571,8.65428571428571,7.98285714285714,9.57142857142857,10.6657142857143,11.4914285714286,13.4028571428571,12.8371428571429,13.3314285714286,12.4857142857143,13.1028571428571,11.5371428571429,12.92,13.5828571428571,14.4821428571429
"Lee_Virginia_51105","51105",2030,16.3857142857143,14.7761904761905,16.8714285714286,16.3857142857143,NA,NA,NA,NA,NA,NA,NA,NA,NA,NA,NA,NA,NA,NA,NA,NA,NA,NA,NA,NA,NA,NA,NA,NA,NA,NA,NA
"Loudoun_Virginia_51107","51107",1970,5.25524475524475,6.79487179487179,6.03333333333333,5.72051282051282,6.2974358974359,6.22051282051282,4.73333333333333,4.17435897435897,5.28461538461538,4.91794871794872,4.73717948717949,4.91880341880342,5.64102564102564,2.78205128205128,NA,NA,NA,NA,NA,NA,NA,NA,NA,NA,NA,NA,NA,NA,NA,NA,NA
"Loudoun_Virginia_51107","51107",2000,8.91324786324786,5.18974358974359,6.22564102564103,7.16153846153846,6.91282051282051,8.85897435897436,8.52307692307692,8.08461538461538,7.53333333333333,7.38974358974359,6.65384615384615,7.3948717948718,8.86923076923077,9.78461538461539,10.6,11.1384615384615,10.1897435897436,8.92307692307692,8.24358974358974,7.87179487179487,7.63589743589744,8.11025641025641,8.54615384615385,9.02564102564103,9.14358974358974,9.36666666666667,10.1948717948718,12.0487179487179,11.7307692307692,12.7153846153846,13.0288461538462
"Loudoun_Virginia_51107","51107",2030,14.2692307692308,13.7735042735043,10.8269230769231,14.2692307692308,NA,NA,NA,NA,NA,NA,NA,NA,NA,NA,NA,NA,NA,NA,NA,NA,NA,NA,NA,NA,NA,NA,NA,NA,NA,NA,NA
"Louisa_Virginia_51109","51109",1970,7.71428571428571,7.6025974025974,7.81558441558442,9.15064935064935,9.12207792207792,9.97662337662338,8.26753246753247,7.08571428571429,6.6,7.26233766233766,6.34090909090909,7.01731601731602,7.12987012987013,6.1038961038961,NA,NA,NA,NA,NA,NA,NA,NA,NA,NA,NA,NA,NA,NA,NA,NA,NA
"Louisa_Virginia_51109","51109",2000,9.0008658008658,5.94545454545455,6.77402597402597,7.10649350649351,7.03636363636364,8.12207792207792,8.56363636363636,8.94545454545455,8.98961038961039,8.50649350649351,7.16883116883117,7.26493506493506,8.25714285714286,8.52987012987013,9.34025974025974,10.5272727272727,10.3948051948052,9.19480519480519,9.73246753246753,9.23896103896104,9.48571428571429,9.47272727272727,10.3402597402597,9.43116883116883,9.77662337662338,9.46233766233766,9.71688311688312,10.3246753246753,10.2155844155844,11.9142857142857,12.2824675324675
"Louisa_Virginia_51109","51109",2030,17.1948051948052,13.8441558441558,12.4155844155844,17.1948051948052,NA,NA,NA,NA,NA,NA,NA,NA,NA,NA,NA,NA,NA,NA,NA,NA,NA,NA,NA,NA,NA,NA,NA,NA,NA,NA,NA
"Lunenburg_Virginia_51111","51111",1970,6.734375,6.4125,6.04375,7.590625,7.315625,8.03125,7.265625,7.3,6.08125,6.54375,5.97265625,6.78645833333333,5.328125,5.71875,NA,NA,NA,NA,NA,NA,NA,NA,NA,NA,NA,NA,NA,NA,NA,NA,NA
"Lunenburg_Virginia_51111","51111",2000,9.24427083333333,6.253125,7.925,7.134375,7.61875,8.625,8.0375,7.909375,9.79375,9.665625,9.021875,9.421875,10.140625,9.678125,9.925,11.296875,11.675,10.79375,10.746875,11.2375,10.171875,9.609375,9.70625,8.909375,8.05625,8.178125,8.578125,9.2375,9.203125,11.153125,11.5234375
"Lunenburg_Virginia_51111","51111",2030,15.890625,12.859375,12.1796875,15.890625,NA,NA,NA,NA,NA,NA,NA,NA,NA,NA,NA,NA,NA,NA,NA,NA,NA,NA,NA,NA,NA,NA,NA,NA,NA,NA,NA
"Lynchburg_Virginia_51680","51680",1970,7.20454545454545,6.225,6.05,7.3,7.275,8.475,6.7,6.675,7.3,7.575,7,8.625,8.375,6.25,NA,NA,NA,NA,NA,NA,NA,NA,NA,NA,NA,NA,NA,NA,NA,NA,NA
"Lynchburg_Virginia_51680","51680",2000,9.52083333333333,6.6,8.15,7.625,6.725,7.525,7.95,8.15,8.475,9.1,8.225,7.975,8.4,8.75,8.35,9.925,11.1,9.5,10.25,11,10.45,9.25,10.325,9,9.35,9.775,10.25,12.7,13.025,14.575,14.9375
"Lynchburg_Virginia_51680","51680",2030,20.375,17.2083333333333,14.5,20.375,NA,NA,NA,NA,NA,NA,NA,NA,NA,NA,NA,NA,NA,NA,NA,NA,NA,NA,NA,NA,NA,NA,NA,NA,NA,NA,NA
"Madison_Virginia_51113","51113",1970,7.6951871657754,9.13725490196078,8.65882352941177,9.69019607843137,9.3921568627451,10.1450980392157,7.41176470588235,6.29411764705882,6.24705882352941,6.5843137254902,5.79901960784314,6.75816993464052,7.44117647058824,4.96078431372549,NA,NA,NA,NA,NA,NA,NA,NA,NA,NA,NA,NA,NA,NA,NA,NA,NA
"Madison_Virginia_51113","51113",2000,10.6986928104575,6.34117647058824,7.6,8.50196078431373,8.82745098039216,10.3019607843137,10.4156862745098,11.2823529411765,10.9058823529412,9.93333333333333,9.37647058823529,9.66666666666667,10.3921568627451,10.5921568627451,11.2862745098039,11.921568627451,11.1960784313725,9.67843137254902,10.2117647058824,11.0156862745098,10.7137254901961,10.6862745098039,11.5254901960784,10.7921568627451,10.0039215686275,9.46666666666667,9.8078431372549,12.6627450980392,13.1882352941176,14.2941176470588,15.7352941176471
"Madison_Virginia_51113","51113",2030,15.7647058823529,18.156862745098,13.2058823529412,15.7647058823529,NA,NA,NA,NA,NA,NA,NA,NA,NA,NA,NA,NA,NA,NA,NA,NA,NA,NA,NA,NA,NA,NA,NA,NA,NA,NA,NA
"ManassasPark_Virginia_51685","51685",1970,6,7.6,7.2,7.2,7.2,7.2,5,4.4,5.4,5.4,5.25,6,6.5,3,NA,NA,NA,NA,NA,NA,NA,NA,NA,NA,NA,NA,NA,NA,NA,NA,NA
"ManassasPark_Virginia_51685","51685",2000,9.76666666666667,5.4,6.6,7.4,7,9.2,9,9.2,8.8,8.8,8,9,10.6,11.8,12.2,12.4,11.4,9.6,8.6,8.2,8.4,8.6,9.2,9.8,9.6,8.8,9.8,12.8,12.2,14,15.5
"ManassasPark_Virginia_51685","51685",2030,16,17,12,16,NA,NA,NA,NA,NA,NA,NA,NA,NA,NA,NA,NA,NA,NA,NA,NA,NA,NA,NA,NA,NA,NA,NA,NA,NA,NA,NA
"Manassas_Virginia_51683","51683",1970,5.96969696969697,7.06666666666667,6.66666666666667,6.93333333333333,7.13333333333333,7.4,5.33333333333333,4.86666666666667,5.6,5.6,5.33333333333333,6.11111111111111,6.33333333333333,3,NA,NA,NA,NA,NA,NA,NA,NA,NA,NA,NA,NA,NA,NA,NA,NA,NA
"Manassas_Virginia_51683","51683",2000,9.66666666666667,5.46666666666667,6.66666666666667,7.33333333333333,7,9.4,9.33333333333333,9.66666666666667,9.26666666666667,9.26666666666667,7.93333333333333,8.73333333333333,9.73333333333333,10.8,11.2,11.7333333333333,10.8,9.46666666666667,8.6,8.06666666666667,8.33333333333333,8.4,8.93333333333333,9.73333333333333,9.93333333333333,9.26666666666667,10.4666666666667,13,12.2666666666667,14.2,15.5
"Manassas_Virginia_51683","51683",2030,18,16.8888888888889,13.1666666666667,18,NA,NA,NA,NA,NA,NA,NA,NA,NA,NA,NA,NA,NA,NA,NA,NA,NA,NA,NA,NA,NA,NA,NA,NA,NA,NA,NA
"Martinsville_Virginia_51690","51690",1970,7.84848484848485,7.8,6.6,8.13333333333333,7.86666666666667,9.06666666666667,7.2,7.86666666666667,8.26666666666667,8.33333333333333,7.41666666666667,8.88888888888889,8.5,4.33333333333333,NA,NA,NA,NA,NA,NA,NA,NA,NA,NA,NA,NA,NA,NA,NA,NA,NA
"Martinsville_Virginia_51690","51690",2000,10.1222222222222,7.33333333333333,8.6,7.86666666666667,7.73333333333333,9.33333333333333,9.46666666666667,9.93333333333333,11,9.66666666666667,8.46666666666667,8.26666666666667,9.33333333333333,9.6,10.1333333333333,11.2666666666667,12.2,9.86666666666667,9.4,10.3333333333333,9.73333333333333,8.8,10.2666666666667,9.53333333333333,9.2,9.4,10.2,12.2666666666667,13.3333333333333,16,17.5
"Martinsville_Virginia_51690","51690",2030,24.3333333333333,19.7777777777778,18.1666666666667,24.3333333333333,NA,NA,NA,NA,NA,NA,NA,NA,NA,NA,NA,NA,NA,NA,NA,NA,NA,NA,NA,NA,NA,NA,NA,NA,NA,NA,NA
"Mathews_Virginia_51115","51115",1970,7.77272727272727,8.0875,6.4625,8.7125,8.65,8.1875,7.6125,7.8375,6.9,7.5375,8.03125,9,7.78125,7.4375,NA,NA,NA,NA,NA,NA,NA,NA,NA,NA,NA,NA,NA,NA,NA,NA,NA
"Mathews_Virginia_51115","51115",2000,10.75625,8.0125,8.825,8.025,7.5375,7.05,6.5875,6.9625,7.8125,9,9.2625,9.9,11.1625,11.8,12.1,13.6875,14,12.2,11.8375,11.45,10.9375,10.6875,11.975,11.3625,11.1,11.7125,12.45,13.8125,13.7,15.8625,16.140625
"Mathews_Virginia_51115","51115",2030,20.6875,17.25,15.0625,20.6875,NA,NA,NA,NA,NA,NA,NA,NA,NA,NA,NA,NA,NA,NA,NA,NA,NA,NA,NA,NA,NA,NA,NA,NA,NA,NA,NA
"Mecklenburg_Virginia_51117","51117",1970,6.8955895589559,6.57425742574257,6.14851485148515,7.65346534653465,7.71683168316832,8.40792079207921,7.32277227722772,7.42376237623762,6.34851485148515,6.67326732673267,5.93811881188119,6.68316831683168,5.32673267326733,5.84158415841584,NA,NA,NA,NA,NA,NA,NA,NA,NA,NA,NA,NA,NA,NA,NA,NA,NA
"Mecklenburg_Virginia_51117","51117",2000,8.66303630363036,6.10693069306931,7.24752475247525,6.18217821782178,6.91683168316832,7.26534653465346,6.66534653465347,6.67722772277228,8.70693069306931,8.20792079207921,8.1049504950495,8.56831683168317,9.24752475247525,8.3980198019802,8.67920792079208,10.1920792079208,10.5128712871287,9.53861386138614,9.7029702970297,10.1861386138614,8.38415841584158,7.96633663366337,8.16435643564357,7.91683168316832,7.6970297029703,9.17821782178218,9.63564356435644,10.7326732673267,11.0712871287129,13.0990099009901,13.1163366336634
"Mecklenburg_Virginia_51117","51117",2030,18.8514851485149,14.8547854785479,15.049504950495,18.8514851485149,NA,NA,NA,NA,NA,NA,NA,NA,NA,NA,NA,NA,NA,NA,NA,NA,NA,NA,NA,NA,NA,NA,NA,NA,NA,NA,NA
"Middlesex_Virginia_51119","51119",1970,7.81422924901186,7.67826086956522,6.96521739130435,8.80869565217391,8.70434782608696,8.66086956521739,7.71304347826087,7.8695652173913,7.05217391304348,7.6695652173913,7.85869565217391,8.85507246376812,7.89130434782609,6.65217391304348,NA,NA,NA,NA,NA,NA,NA,NA,NA,NA,NA,NA,NA,NA,NA,NA,NA
"Middlesex_Virginia_51119","51119",2000,10.1550724637681,7.4695652173913,8.05217391304348,7.41739130434783,6.35652173913043,6.36521739130435,6.19130434782609,7.10434782608696,8.11304347826087,9.67826086956522,9.6,9.92173913043478,11.2086956521739,11.3130434782609,11.1913043478261,12.704347826087,13.2173913043478,11.3826086956522,11.3739130434783,11.2173913043478,10.8260869565217,10.495652173913,11.2434782608696,10.3739130434783,10.8173913043478,10.5652173913043,11.6086956521739,12.5913043478261,12.3391304347826,14.3826086956522,15.3152173913043
"Middlesex_Virginia_51119","51119",2030,22.695652173913,16.1594202898551,15.1086956521739,22.695652173913,NA,NA,NA,NA,NA,NA,NA,NA,NA,NA,NA,NA,NA,NA,NA,NA,NA,NA,NA,NA,NA,NA,NA,NA,NA,NA,NA
"Montgomery_Virginia_51121","51121",1970,4.67783094098884,4.59649122807018,3.65614035087719,4.03508771929825,3.83859649122807,4.44561403508772,3.67017543859649,4.54035087719298,5.17543859649123,5.89122807017544,5.57456140350877,7.12280701754386,6.40350877192982,5.40350877192982,NA,NA,NA,NA,NA,NA,NA,NA,NA,NA,NA,NA,NA,NA,NA,NA,NA
"Montgomery_Virginia_51121","51121",2000,6.93333333333333,5.28421052631579,6.35789473684211,5.70877192982456,5.47368421052632,6.32280701754386,5.83508771929825,5.95087719298246,5.90175438596491,6.06666666666667,5.80350877192982,6.11228070175439,6.45964912280702,7.08070175438596,6.38947368421053,6.05964912280702,6.7859649122807,5.53333333333333,5.53684210526316,6.23508771929825,6.69122807017544,5.97543859649123,7.68771929824561,7.51929824561403,8.12631578947368,8.43157894736842,9.39298245614035,9.70526315789474,9.85263157894737,11.8982456140351,12.25
"Montgomery_Virginia_51121","51121",2030,20.3508771929825,13.6374269005848,14.219298245614,20.3508771929825,NA,NA,NA,NA,NA,NA,NA,NA,NA,NA,NA,NA,NA,NA,NA,NA,NA,NA,NA,NA,NA,NA,NA,NA,NA,NA,NA
"Nelson_Virginia_51125","51125",1970,9.68434343434343,10.1055555555556,9.93888888888889,11.4472222222222,10.2555555555556,11.3166666666667,9.00555555555556,8.37222222222222,8.42222222222222,9.23888888888889,8.67013888888889,10.212962962963,9.54861111111111,7.18055555555556,NA,NA,NA,NA,NA,NA,NA,NA,NA,NA,NA,NA,NA,NA,NA,NA,NA
"Nelson_Virginia_51125","51125",2000,11.599537037037,8.94722222222222,10.6472222222222,10.25,10.3527777777778,11.3611111111111,11.3666666666667,11.875,12.2666666666667,11.4111111111111,10.7916666666667,10.5555555555556,10.4027777777778,10.3055555555556,10.5138888888889,11.4555555555556,11.7638888888889,10.8444444444444,11.3472222222222,12.2666666666667,12.2138888888889,11.3333333333333,12.2583333333333,11.1444444444444,10.7194444444444,10.3305555555556,11.0333333333333,13.2833333333333,14.2833333333333,15.1305555555556,16.0069444444444
"Nelson_Virginia_51125","51125",2030,15.9027777777778,18.1574074074074,14.4375,15.9027777777778,NA,NA,NA,NA,NA,NA,NA,NA,NA,NA,NA,NA,NA,NA,NA,NA,NA,NA,NA,NA,NA,NA,NA,NA,NA,NA,NA
"NewKent_Virginia_51127","51127",1970,7.39118457300275,7.01212121212121,6.33939393939394,8.05454545454545,8.25454545454545,8.98787878787879,7.86060606060606,7.82424242424242,7.0969696969697,7.14545454545455,6.93939393939394,7.64646464646465,6.74242424242424,5.54545454545455,NA,NA,NA,NA,NA,NA,NA,NA,NA,NA,NA,NA,NA,NA,NA,NA,NA
"NewKent_Virginia_51127","51127",2000,9.64343434343434,6.47878787878788,7.13939393939394,6.85454545454545,6.04848484848485,6.25454545454545,6.23636363636364,6.8,7.81212121212121,9.46666666666667,9.53333333333333,9.56969696969697,10.569696969697,10.4,9.8969696969697,11.4787878787879,12.2363636363636,11.0363636363636,10.5151515151515,9.86666666666667,9.47272727272727,9.21212121212121,9.92121212121212,9.84848484848485,10.9575757575758,11.0484848484848,11.9272727272727,12.2969696969697,12.430303030303,13.9575757575758,14.1212121212121
"NewKent_Virginia_51127","51127",2030,19.6060606060606,14.959595959596,14.7727272727273,19.6060606060606,NA,NA,NA,NA,NA,NA,NA,NA,NA,NA,NA,NA,NA,NA,NA,NA,NA,NA,NA,NA,NA,NA,NA,NA,NA,NA,NA
"NewportNews_Virginia_51700","51700",1970,8.22222222222222,8.11111111111111,6.77777777777778,9.17777777777778,8.6,8.8,8.13333333333333,8.64444444444444,7.26666666666667,8.04444444444444,8.16666666666667,8.96296296296296,7.44444444444444,8.22222222222222,NA,NA,NA,NA,NA,NA,NA,NA,NA,NA,NA,NA,NA,NA,NA,NA,NA
"NewportNews_Virginia_51700","51700",2000,10.037037037037,7.84444444444444,8.24444444444444,7.22222222222222,6.88888888888889,6.4,5.93333333333333,6.66666666666667,7.86666666666667,9.46666666666667,9.35555555555556,10.1555555555556,11.0444444444444,11.0222222222222,10.4666666666667,11.9555555555556,11.9333333333333,10.3333333333333,9.8,9.57777777777778,8.93333333333333,9.8,11.2666666666667,11.0444444444444,11.3111111111111,12.1777777777778,12.1111111111111,12.3111111111111,13.2666666666667,14.8,15.0555555555556
"NewportNews_Virginia_51700","51700",2030,18.1111111111111,16.037037037037,15.9444444444444,18.1111111111111,NA,NA,NA,NA,NA,NA,NA,NA,NA,NA,NA,NA,NA,NA,NA,NA,NA,NA,NA,NA,NA,NA,NA,NA,NA,NA,NA
"Norfolk_Virginia_51710","51710",1970,6.84848484848485,7.57777777777778,6.37777777777778,7.95555555555556,7.02222222222222,7.6,6.73333333333333,6.35555555555556,5.26666666666667,6.66666666666667,6.33333333333333,7.40740740740741,7.55555555555556,9.22222222222222,NA,NA,NA,NA,NA,NA,NA,NA,NA,NA,NA,NA,NA,NA,NA,NA,NA
"Norfolk_Virginia_51710","51710",2000,10.4888888888889,6.64444444444444,7.57777777777778,7.48888888888889,7.37777777777778,6.33333333333333,5.62222222222222,6.86666666666667,7.68888888888889,8.86666666666667,9.2,11.1777777777778,11.3111111111111,11.8888888888889,12.1555555555556,13.1555555555556,11.6888888888889,10.5111111111111,10.3555555555556,10.0444444444444,9.35555555555556,10.3555555555556,11.4444444444444,11.2666666666667,11.5333333333333,13.3555555555556,13.8444444444444,13.8222222222222,14.2444444444444,14.2444444444444,13.7222222222222
"Norfolk_Virginia_51710","51710",2030,12.3333333333333,13.5185185185185,13.2222222222222,12.3333333333333,NA,NA,NA,NA,NA,NA,NA,NA,NA,NA,NA,NA,NA,NA,NA,NA,NA,NA,NA,NA,NA,NA,NA,NA,NA,NA,NA
"Northampton_Virginia_51131","51131",1970,7.4082332761578,7.11698113207547,6.25660377358491,8.07924528301887,7.81132075471698,6.88679245283019,6.42264150943396,6.96603773584906,5.99622641509434,7.45660377358491,7.93867924528302,9.0440251572327,8.26415094339623,11.1132075471698,NA,NA,NA,NA,NA,NA,NA,NA,NA,NA,NA,NA,NA,NA,NA,NA,NA
"Northampton_Virginia_51131","51131",2000,9.44339622641509,8.15471698113208,8.36603773584906,7.43018867924528,7.54716981132075,6.44528301886792,5.58490566037736,6.31698113207547,7.29056603773585,8.11698113207547,8.15849056603774,8.81509433962264,10.1698113207547,10.5924528301887,11.1245283018868,12.5433962264151,12.622641509434,11.3433962264151,11.6528301886792,11.0905660377358,9.48679245283019,10.2981132075472,10.5094339622642,9.73962264150943,9.0188679245283,10.1584905660377,10.5018867924528,10.4415094339623,9.95471698113207,10.8490566037736,10.9150943396226
"Northampton_Virginia_51131","51131",2030,10.8490566037736,9.83018867924528,9.50943396226415,10.8490566037736,NA,NA,NA,NA,NA,NA,NA,NA,NA,NA,NA,NA,NA,NA,NA,NA,NA,NA,NA,NA,NA,NA,NA,NA,NA,NA,NA
"Northumberland_Virginia_51133","51133",1970,7.09677419354839,7.16129032258065,6.44516129032258,7.81935483870968,7.8,7.8258064516129,6.50322580645161,6.52903225806452,6.14193548387097,7.03870967741936,7.54032258064516,8.72043010752688,8.37096774193548,8.25806451612903,NA,NA,NA,NA,NA,NA,NA,NA,NA,NA,NA,NA,NA,NA,NA,NA,NA
"Northumberland_Virginia_51133","51133",2000,10.3924731182796,7.67741935483871,8.1741935483871,7.83225806451613,7.27096774193548,7.21935483870968,6.59354838709677,7.25806451612903,8.13548387096774,9.20645161290323,9.24516129032258,9.47096774193548,11.0645161290323,11.1935483870968,11.5032258064516,12.4903225806452,12.9741935483871,11.541935483871,11.6193548387097,11.3612903225806,11.0967741935484,11.3225806451613,11.8193548387097,11.058064516129,11.4967741935484,11.3290322580645,11.7225806451613,12.741935483871,12.5161290322581,13.7548387096774,14.4516129032258
"Northumberland_Virginia_51133","51133",2030,19.6774193548387,15.3548387096774,13.9354838709677,19.6774193548387,NA,NA,NA,NA,NA,NA,NA,NA,NA,NA,NA,NA,NA,NA,NA,NA,NA,NA,NA,NA,NA,NA,NA,NA,NA,NA,NA
"Norton_Virginia_51720","51720",1970,6.04545454545455,5.3,5.1,4.6,5,5.2,4.8,5.8,6.7,7.6,8,9.66666666666667,8.75,10,NA,NA,NA,NA,NA,NA,NA,NA,NA,NA,NA,NA,NA,NA,NA,NA,NA
"Norton_Virginia_51720","51720",2000,9.6,7.4,8.4,8.5,8.7,9.1,9,9.5,9,9,8.1,9.4,9.8,11.1,9.8,9.5,9.1,8,7.2,8.7,10.4,10.3,11.9,10.6,10.9,9.4,9.9,9.5,11.2,12.2,13.5
"Norton_Virginia_51720","51720",2030,16,14.3333333333333,15,16,NA,NA,NA,NA,NA,NA,NA,NA,NA,NA,NA,NA,NA,NA,NA,NA,NA,NA,NA,NA,NA,NA,NA,NA,NA,NA,NA
"Nottoway_Virginia_51135","51135",1970,7.19109461966605,6.95918367346939,6.60816326530612,8.26530612244898,8.24081632653061,8.81632653061224,8.24081632653061,7.55510204081633,6.20408163265306,6.83673469387755,6.27551020408163,6.86394557823129,6.06122448979592,6.75510204081633,NA,NA,NA,NA,NA,NA,NA,NA,NA,NA,NA,NA,NA,NA,NA,NA,NA
"Nottoway_Virginia_51135","51135",2000,9.68163265306123,6.81224489795918,8.24081632653061,8.10204081632653,9.06938775510204,10.3836734693878,9.8,10.0816326530612,10.8408163265306,10.4081632653061,9.5265306122449,9.62857142857143,10.2408163265306,10.7836734693878,10.730612244898,11.5551020408163,12.1265306122449,11,10.6897959183673,10.7918367346939,10.2122448979592,9.68163265306123,9.71020408163265,8.77551020408163,8.76734693877551,8.55510204081633,8.54285714285714,9.38367346938776,8.89795918367347,10.2489795918367,10.5408163265306
"Nottoway_Virginia_51135","51135",2030,15,11.8231292517007,10.3163265306122,15,NA,NA,NA,NA,NA,NA,NA,NA,NA,NA,NA,NA,NA,NA,NA,NA,NA,NA,NA,NA,NA,NA,NA,NA,NA,NA,NA
"Orange_Virginia_51137","51137",1970,7.76923076923077,8.37307692307692,8.23076923076923,9.35,9.04230769230769,9.58846153846154,7.63461538461539,6.8,6.67692307692308,7.14615384615385,6.51442307692308,7.23717948717949,7.17307692307692,5.32692307692308,NA,NA,NA,NA,NA,NA,NA,NA,NA,NA,NA,NA,NA,NA,NA,NA,NA
"Orange_Virginia_51137","51137",2000,9.63846153846154,6.09615384615385,6.89615384615385,7.22692307692308,7.06923076923077,8.23076923076923,9.04615384615385,9.25769230769231,8.88076923076923,8.57307692307692,7.78461538461538,7.92692307692308,9.56923076923077,10.0846153846154,10.8192307692308,11.8653846153846,11.25,9.53461538461539,10.0076923076923,9.56153846153846,9.31538461538462,9.57307692307692,10.6538461538462,10.05,10.4576923076923,9.91923076923077,10.1846153846154,11.9,11.5807692307692,12.9807692307692,14.1009615384615
"Orange_Virginia_51137","51137",2030,17.1730769230769,15.8846153846154,12.3173076923077,17.1730769230769,NA,NA,NA,NA,NA,NA,NA,NA,NA,NA,NA,NA,NA,NA,NA,NA,NA,NA,NA,NA,NA,NA,NA,NA,NA,NA,NA
"Page_Virginia_51139","51139",1970,5.40808080808081,6.91111111111111,6.02666666666667,7.00444444444444,7.05333333333333,7.45777777777778,5.02666666666667,4.25777777777778,3.96888888888889,4.38666666666667,3.88333333333333,4.66666666666667,5.85555555555556,4.62222222222222,NA,NA,NA,NA,NA,NA,NA,NA,NA,NA,NA,NA,NA,NA,NA,NA,NA
"Page_Virginia_51139","51139",2000,8.60296296296296,4.78666666666667,6.16444444444444,7.39111111111111,8.04,10.0088888888889,9.89777777777778,9.75555555555556,9.47555555555556,8.27111111111111,6.75111111111111,6.66222222222222,7.64888888888889,7.72888888888889,8.84444444444444,9.55111111111111,9.29333333333333,8.18222222222222,8.29777777777778,8.39111111111111,8.56888888888889,8.32,9.2,8.95111111111111,8.24888888888889,8.02222222222222,8.26666666666667,9.36,9.77333333333333,11.0311111111111,11.25
"Page_Virginia_51139","51139",2030,13.1333333333333,12.9703703703704,10.9777777777778,13.1333333333333,NA,NA,NA,NA,NA,NA,NA,NA,NA,NA,NA,NA,NA,NA,NA,NA,NA,NA,NA,NA,NA,NA,NA,NA,NA,NA,NA
"Patrick_Virginia_51141","51141",1970,9.93734643734644,10.1675675675676,8.35405405405405,9.5054054054054,8.79459459459459,9.6972972972973,8.55405405405405,10.2162162162162,10.7540540540541,11.3702702702703,10.7027027027027,12.7792792792793,11.277027027027,8.01351351351351,NA,NA,NA,NA,NA,NA,NA,NA,NA,NA,NA,NA,NA,NA,NA,NA,NA
"Patrick_Virginia_51141","51141",2000,12.2887387387387,10.8972972972973,12.0432432432432,11.0162162162162,10.3081081081081,11.8810810810811,10.9918918918919,12.2540540540541,12.0297297297297,11.3675675675676,9.82972972972973,10.1351351351351,10.0432432432432,11.4864864864865,11.8,12.5783783783784,13.5189189189189,11.8135135135135,11.6459459459459,12.4513513513514,12.4081081081081,11.227027027027,12.8945945945946,11.5243243243243,11.9054054054054,11.6756756756757,12.6810810810811,14.727027027027,16.0297297297297,18.2864864864865,20.1790540540541
"Patrick_Virginia_51141","51141",2030,26.472972972973,22.7117117117117,21.0202702702703,26.472972972973,NA,NA,NA,NA,NA,NA,NA,NA,NA,NA,NA,NA,NA,NA,NA,NA,NA,NA,NA,NA,NA,NA,NA,NA,NA,NA,NA
"Petersburg_Virginia_51730","51730",1970,6.36363636363636,5.75,5.1,6.85,6.55,7.75,7.1,6.8,5.9,6.35,5.9375,6.25,6.125,6.25,NA,NA,NA,NA,NA,NA,NA,NA,NA,NA,NA,NA,NA,NA,NA,NA,NA
"Petersburg_Virginia_51730","51730",2000,9.71666666666667,6.15,6.75,6.85,6.25,6.6,6.3,7.25,8.35,9.6,9.35,9,9.7,10.5,10.45,11.6,12.6,11.5,9.85,9.45,9.45,9.5,10.1,10.6,11.65,11.8,11.8,12.4,12.15,14.5,14.8125
"Petersburg_Virginia_51730","51730",2030,24,16.75,16.75,24,NA,NA,NA,NA,NA,NA,NA,NA,NA,NA,NA,NA,NA,NA,NA,NA,NA,NA,NA,NA,NA,NA,NA,NA,NA,NA,NA
"Pittsylvania_Virginia_51143","51143",1970,7.56351183063512,7.15753424657534,7.26438356164384,8.59041095890411,8.58219178082192,9.19178082191781,7.62602739726027,7.3972602739726,7.2958904109589,7.07671232876712,6.46917808219178,7.45662100456621,6.52054794520548,3.76712328767123,NA,NA,NA,NA,NA,NA,NA,NA,NA,NA,NA,NA,NA,NA,NA,NA,NA
"Pittsylvania_Virginia_51143","51143",2000,9.34497716894977,6.6027397260274,7.84931506849315,7.03287671232877,7.64246575342466,9.08493150684932,8.5041095890411,8.87260273972603,9.6972602739726,8.32191780821918,7.1027397260274,7.80821917808219,8.64931506849315,8.95342465753425,9.52876712328767,10.7972602739726,11.127397260274,8.88219178082192,8.74520547945206,9.34246575342466,8.61780821917808,7.84246575342466,9.21506849315069,8.48630136986301,8.47808219178082,9.84931506849315,10.5808219178082,12.2232876712329,13.1547945205479,14.7972602739726,14.8818493150685
"Pittsylvania_Virginia_51143","51143",2030,19.4794520547945,16.7785388127854,15.3493150684932,19.4794520547945,NA,NA,NA,NA,NA,NA,NA,NA,NA,NA,NA,NA,NA,NA,NA,NA,NA,NA,NA,NA,NA,NA,NA,NA,NA,NA,NA
"Poquoson_Virginia_51735","51735",1970,8.27272727272727,9.08,7.48,9.32,8.2,8.28,7.8,8.64,7.36,8.24,8.2,8.86666666666667,6.7,7.6,NA,NA,NA,NA,NA,NA,NA,NA,NA,NA,NA,NA,NA,NA,NA,NA,NA
"Poquoson_Virginia_51735","51735",2000,10.48,8.28,8.56,7.76,7.92,7.48,7.36,8.28,8.96,10.04,10.44,10.88,11.76,12.08,11.88,12.72,12.24,10.32,9.36,8.84,8.64,9.8,11.32,11.6,11.52,12.16,12,12.56,13.12,15.28,15.65
"Poquoson_Virginia_51735","51735",2030,18.8,16.6,16.2,18.8,NA,NA,NA,NA,NA,NA,NA,NA,NA,NA,NA,NA,NA,NA,NA,NA,NA,NA,NA,NA,NA,NA,NA,NA,NA,NA,NA
"Portsmouth_Virginia_51740","51740",1970,7.18181818181818,8.28,7.04,8.68,7.72,8.32,7,6.84,5.52,6.72,6.25,7.06666666666667,6.4,8,NA,NA,NA,NA,NA,NA,NA,NA,NA,NA,NA,NA,NA,NA,NA,NA,NA
"Portsmouth_Virginia_51740","51740",2000,10.3666666666667,6.6,7.16,6.76,6.84,6.6,6,7.04,8.2,9.76,9.48,11.08,11.64,11.68,11.08,12.48,11.12,9.84,9.8,9.88,8.88,10.44,11.6,11.64,12.2,13.52,13.52,13.92,14.12,14.36,14.45
"Portsmouth_Virginia_51740","51740",2030,14.4,14.6,13.9,14.4,NA,NA,NA,NA,NA,NA,NA,NA,NA,NA,NA,NA,NA,NA,NA,NA,NA,NA,NA,NA,NA,NA,NA,NA,NA,NA,NA
"Powhatan_Virginia_51145","51145",1970,7.16407982261641,7.16585365853659,6.79512195121951,7.89756097560976,8.39512195121951,9.34146341463415,7.98536585365854,6.77073170731707,6.35609756097561,7.08780487804878,6.54268292682927,7.01626016260163,7.52439024390244,7.53658536585366,NA,NA,NA,NA,NA,NA,NA,NA,NA,NA,NA,NA,NA,NA,NA,NA,NA
"Powhatan_Virginia_51145","51145",2000,9.05772357723577,6.46341463414634,7.89268292682927,8.40975609756098,8.30243902439024,8.91707317073171,8.80975609756097,8.91219512195122,9.29268292682927,9.06341463414634,8.30731707317073,8.08780487804878,8.44878048780488,8.43414634146341,8.84878048780488,9.99512195121951,10.7756097560976,9.88780487804878,9.91707317073171,9.87317073170732,9.24878048780488,8.80975609756098,9.27317073170732,8.72682926829268,8.97073170731707,8.88292682926829,9.37073170731707,10.0146341463415,9.56585365853659,11.219512195122,11.7743902439024
"Powhatan_Virginia_51145","51145",2030,17.1707317073171,12.8130081300813,11.3780487804878,17.1707317073171,NA,NA,NA,NA,NA,NA,NA,NA,NA,NA,NA,NA,NA,NA,NA,NA,NA,NA,NA,NA,NA,NA,NA,NA,NA,NA,NA
"PrinceEdward_Virginia_51147","51147",1970,7.14160839160839,7.65,6.55,8.16923076923077,7.82692307692308,8.04615384615385,6.86153846153846,6.92307692307692,6.20769230769231,6.78846153846154,6.54326923076923,7.78205128205128,6.80769230769231,6.67307692307692,NA,NA,NA,NA,NA,NA,NA,NA,NA,NA,NA,NA,NA,NA,NA,NA,NA
"PrinceEdward_Virginia_51147","51147",2000,9.66602564102564,6.71538461538462,8.65384615384615,8.51538461538462,9.13846153846154,10.2884615384615,9.83076923076923,9.97692307692308,10.5076923076923,10.2461538461538,9.13461538461539,9.58846153846154,9.86153846153846,10.0115384615385,10.0115384615385,11.3653846153846,11.45,10.3038461538462,10.3576923076923,10.5307692307692,9.56538461538462,8.92307692307692,9.31538461538462,8.43461538461538,8.17307692307692,8.67692307692308,9.16923076923077,10.4307692307692,10.1692307692308,11.6961538461538,11.7884615384615
"PrinceEdward_Virginia_51147","51147",2030,15.9423076923077,13.3653846153846,11.4711538461538,15.9423076923077,NA,NA,NA,NA,NA,NA,NA,NA,NA,NA,NA,NA,NA,NA,NA,NA,NA,NA,NA,NA,NA,NA,NA,NA,NA,NA,NA
"PrinceGeorge_Virginia_51149","51149",1970,6.26262626262626,6.14222222222222,5.25777777777778,6.76444444444444,6.83111111111111,7.97777777777778,7.25777777777778,6.84444444444444,5.86666666666667,6.04,5.49444444444444,5.8962962962963,5.88888888888889,5.73333333333333,NA,NA,NA,NA,NA,NA,NA,NA,NA,NA,NA,NA,NA,NA,NA,NA,NA
"PrinceGeorge_Virginia_51149","51149",2000,10.0614814814815,5.64,6.42222222222222,6.82666666666667,6.38666666666667,6.79555555555556,6.52888888888889,7.24,8.50666666666667,9.77777777777778,9.59111111111111,9.75555555555556,10.8488888888889,11.1955555555556,10.8888888888889,11.9688888888889,12.4266666666667,11.2444444444444,9.70666666666667,9.44888888888889,9.49777777777778,9.61777777777778,10.3377777777778,10.5777777777778,11.5466666666667,12.0711111111111,12.4177777777778,13.0488888888889,13.5555555555556,15.3111111111111,15.3611111111111
"PrinceGeorge_Virginia_51149","51149",2030,21,17.037037037037,16.5222222222222,21,NA,NA,NA,NA,NA,NA,NA,NA,NA,NA,NA,NA,NA,NA,NA,NA,NA,NA,NA,NA,NA,NA,NA,NA,NA,NA,NA
"PrinceWilliam_Virginia_51153","51153",1970,5.72727272727273,6.82545454545455,6.33090909090909,6.74909090909091,6.74909090909091,7.04727272727273,5.31636363636364,4.86181818181818,5.18181818181818,5.31636363636364,5.05454545454545,5.50909090909091,5.54545454545454,3.34545454545455,NA,NA,NA,NA,NA,NA,NA,NA,NA,NA,NA,NA,NA,NA,NA,NA,NA
"PrinceWilliam_Virginia_51153","51153",2000,9.51333333333333,5.24727272727273,6.30909090909091,6.97818181818182,7.00363636363636,8.95272727272727,8.88,9.21090909090909,8.84,8.71636363636364,7.75636363636364,8.46909090909091,9.48363636363636,10.4909090909091,11.1018181818182,11.7054545454545,10.8618181818182,9.42181818181818,8.55272727272727,7.93454545454545,8.15636363636364,8.27636363636364,9.03636363636364,9.79272727272727,10.1345454545455,9.47636363636364,10.6109090909091,13.0363636363636,12.4254545454545,14.3272727272727,15.6272727272727
"PrinceWilliam_Virginia_51153","51153",2030,18.4363636363636,17.0787878787879,13.3909090909091,18.4363636363636,NA,NA,NA,NA,NA,NA,NA,NA,NA,NA,NA,NA,NA,NA,NA,NA,NA,NA,NA,NA,NA,NA,NA,NA,NA,NA,NA
"Pulaski_Virginia_51155","51155",1970,4.06773618538324,3.49019607843137,2.58039215686274,2.76078431372549,2.92156862745098,3.87058823529412,3.37647058823529,4.25882352941176,5.05098039215686,5.69803921568627,5.47549019607843,6.94117647058824,6.30392156862745,5.68627450980392,NA,NA,NA,NA,NA,NA,NA,NA,NA,NA,NA,NA,NA,NA,NA,NA,NA
"Pulaski_Virginia_51155","51155",2000,6.48496732026144,5.1843137254902,6.32549019607843,5.68235294117647,5.25098039215686,6.09019607843137,5.3921568627451,5.29803921568627,5.34117647058823,5.68627450980392,5.24705882352941,5.91372549019608,6.36470588235294,7.14901960784314,6.64313725490196,6.22352941176471,6.9843137254902,5.79607843137255,5.59607843137255,5.86666666666667,6.09019607843137,5.45490196078431,7.13333333333333,6.40392156862745,7.42745098039216,7.22352941176471,8.0156862745098,8.36862745098039,8.73725490196079,10.3098039215686,11.4656862745098
"Pulaski_Virginia_51155","51155",2030,18.2941176470588,12.4705882352941,12.3137254901961,18.2941176470588,NA,NA,NA,NA,NA,NA,NA,NA,NA,NA,NA,NA,NA,NA,NA,NA,NA,NA,NA,NA,NA,NA,NA,NA,NA,NA,NA
"Radford_Virginia_51750","51750",1970,3.90909090909091,3.4,2.4,2.6,2.8,3.8,3.4,4,4.8,5.6,5,6.33333333333333,6.5,6,NA,NA,NA,NA,NA,NA,NA,NA,NA,NA,NA,NA,NA,NA,NA,NA,NA
"Radford_Virginia_51750","51750",2000,6.2,4.6,5.8,5.6,5,5.8,5.4,5,5.2,5.4,5,5.4,5.6,6,5.8,5.2,6,5.2,5.2,5.2,5.4,5,6.8,6.4,8,8.2,8.6,8.8,8.8,9.6,10.25
"Radford_Virginia_51750","51750",2030,16,11.3333333333333,11,16,NA,NA,NA,NA,NA,NA,NA,NA,NA,NA,NA,NA,NA,NA,NA,NA,NA,NA,NA,NA,NA,NA,NA,NA,NA,NA,NA
"Rappahannock_Virginia_51157","51157",1970,6.72294372294372,8.62857142857143,7.93333333333333,8.40476190476191,8.36190476190476,8.49047619047619,6.18095238095238,5.13809523809524,5.32380952380952,5.69523809523809,5.33928571428571,6.23809523809524,7.22619047619048,5.30952380952381,NA,NA,NA,NA,NA,NA,NA,NA,NA,NA,NA,NA,NA,NA,NA,NA,NA
"Rappahannock_Virginia_51157","51157",2000,10.5904761904762,6.38571428571429,7.71904761904762,9.05714285714286,9.33809523809524,11.1714285714286,10.8333333333333,11.3142857142857,11.1380952380952,10.3,9.27619047619048,9.97619047619048,10.4714285714286,10.7761904761905,11.5285714285714,12.0095238095238,10.6952380952381,9.52380952380952,9.02380952380952,9.54285714285714,9.37142857142857,9.3952380952381,10.552380952381,10.3714285714286,9.45714285714286,9.54761904761905,10.152380952381,12.8380952380952,13.1761904761905,14.6142857142857,15.4285714285714
"Rappahannock_Virginia_51157","51157",2030,15.3333333333333,17.5873015873016,12.6071428571429,15.3333333333333,NA,NA,NA,NA,NA,NA,NA,NA,NA,NA,NA,NA,NA,NA,NA,NA,NA,NA,NA,NA,NA,NA,NA,NA,NA,NA,NA
"Richmond_Virginia_51159","51159",1970,6.56666666666667,6.38666666666667,6.02666666666667,7.23333333333333,7.16,7.1,5.99333333333333,5.95333333333333,5.72666666666667,6.50666666666667,7.01666666666667,8.01111111111111,7.61666666666667,7.43333333333333,NA,NA,NA,NA,NA,NA,NA,NA,NA,NA,NA,NA,NA,NA,NA,NA,NA
"Richmond_Virginia_51159","51159",2000,9.43,7,7.4,7.32666666666667,6.87333333333333,6.62,5.98666666666667,6.55333333333333,7.12666666666667,7.89333333333333,8.28,8.46666666666667,10.2066666666667,10.5,10.9133333333333,11.8066666666667,12.38,10.9066666666667,10.4266666666667,9.66666666666667,10.06,9.74666666666667,9.94,9.27333333333333,10.5733333333333,9.9,10.38,11.7066666666667,11.9266666666667,12.7333333333333,13.125
"Richmond_Virginia_51159","51159",2030,18.1666666666667,14.7,13.15,18.1666666666667,NA,NA,NA,NA,NA,NA,NA,NA,NA,NA,NA,NA,NA,NA,NA,NA,NA,NA,NA,NA,NA,NA,NA,NA,NA,NA,NA
"Richmond_Virginia_51760","51760",1970,6.5959595959596,6.24444444444444,5.73333333333333,7.82222222222222,8.22222222222222,9.24444444444445,8.22222222222222,7.33333333333333,5.68888888888889,5.68888888888889,4.86111111111111,4.85185185185185,5.27777777777778,5,NA,NA,NA,NA,NA,NA,NA,NA,NA,NA,NA,NA,NA,NA,NA,NA,NA
"Richmond_Virginia_51760","51760",2000,9.77777777777778,5.04444444444444,6,6.91111111111111,6.77777777777778,7.46666666666667,7.13333333333333,8.08888888888889,8.75555555555556,9.77777777777778,9.95555555555556,10.1111111111111,10.3777777777778,10.4888888888889,10.1555555555556,11.1777777777778,11.8222222222222,10.8444444444444,10.4,9.84444444444444,9.53333333333333,9.02222222222222,9.28888888888889,9,10.1333333333333,10.1111111111111,11.2222222222222,12.8222222222222,13.1111111111111,14.1777777777778,14.5277777777778
"Richmond_Virginia_51760","51760",2030,16.5555555555556,15.6666666666667,13.3888888888889,16.5555555555556,NA,NA,NA,NA,NA,NA,NA,NA,NA,NA,NA,NA,NA,NA,NA,NA,NA,NA,NA,NA,NA,NA,NA,NA,NA,NA,NA
"Roanoke_Virginia_51161","51161",1970,6.55335968379447,6.45652173913043,5.93913043478261,6.85217391304348,6.58260869565217,7.3,5.59130434782609,6.38260869565217,6.49565217391304,6.97826086956522,6.51086956521739,8.15942028985507,6.94565217391304,5.34782608695652,NA,NA,NA,NA,NA,NA,NA,NA,NA,NA,NA,NA,NA,NA,NA,NA,NA
"Roanoke_Virginia_51161","51161",2000,8.67463768115942,6.24347826086956,7.30434782608696,6.71739130434783,6.36086956521739,7.69130434782609,7.29130434782609,8.4304347826087,8.10434782608696,8.50434782608696,7.6304347826087,7.90869565217391,7.91304347826087,8.62608695652174,8.24782608695652,8.53913043478261,9.38260869565217,7.69130434782609,8.14782608695652,8.45652173913044,8.58695652173913,7.80434782608696,9.25652173913043,8.44782608695652,9.21304347826087,9.73913043478261,10.7347826086957,12.0173913043478,12.004347826087,13.9869565217391,14.3913043478261
"Roanoke_Virginia_51161","51161",2030,22.1521739130435,15.9057971014493,14.9565217391304,22.1521739130435,NA,NA,NA,NA,NA,NA,NA,NA,NA,NA,NA,NA,NA,NA,NA,NA,NA,NA,NA,NA,NA,NA,NA,NA,NA,NA,NA
"Roanoke_Virginia_51770","51770",1970,7.18181818181818,6.73333333333333,6.33333333333333,7.3,7.1,8.06666666666667,6.23333333333333,7,7.3,7.63333333333333,7.08333333333333,8.77777777777778,7.66666666666667,6,NA,NA,NA,NA,NA,NA,NA,NA,NA,NA,NA,NA,NA,NA,NA,NA,NA
"Roanoke_Virginia_51770","51770",2000,9.16666666666667,6.5,7.43333333333333,6.9,6.46666666666667,7.9,7.76666666666667,8.93333333333333,8.43333333333333,9.1,7.8,8.2,8.43333333333333,9.26666666666667,8.66666666666667,9.13333333333333,9.9,7.96666666666667,8.6,8.83333333333333,8.96666666666667,8.33333333333333,10,8.96666666666667,9.96666666666667,10.5333333333333,11.3,13.0333333333333,12.8333333333333,14.4,14.875
"Roanoke_Virginia_51770","51770",2030,21.5,16.5,14.25,21.5,NA,NA,NA,NA,NA,NA,NA,NA,NA,NA,NA,NA,NA,NA,NA,NA,NA,NA,NA,NA,NA,NA,NA,NA,NA,NA,NA
"Rockbridge_Virginia_51163","51163",1970,7.997002997003,7.78241758241758,8.18901098901099,9.03736263736264,8.75164835164835,9.2967032967033,7.74505494505495,6.58461538461538,7.09010989010989,8.03296703296703,7.97527472527472,9.05494505494505,9.21978021978022,7.32967032967033,NA,NA,NA,NA,NA,NA,NA,NA,NA,NA,NA,NA,NA,NA,NA,NA,NA
"Rockbridge_Virginia_51163","51163",2000,10.0688644688645,7.92307692307692,8.69010989010989,8.62857142857143,8.27032967032967,9.30549450549451,8.95824175824176,9.54945054945055,9.46593406593407,9.47032967032967,8.40659340659341,8.81318681318681,9.68571428571429,10.3296703296703,10.6197802197802,11.6241758241758,11.9362637362637,9.71868131868132,9.72527472527473,9.57362637362637,9.36483516483517,8.46813186813187,9.93406593406593,9.25274725274725,9.59340659340659,9.78461538461538,10.7626373626374,12.1912087912088,13.010989010989,14.1208791208791,14.6208791208791
"Rockbridge_Virginia_51163","51163",2030,17.2857142857143,16.1684981684982,14.6153846153846,17.2857142857143,NA,NA,NA,NA,NA,NA,NA,NA,NA,NA,NA,NA,NA,NA,NA,NA,NA,NA,NA,NA,NA,NA,NA,NA,NA,NA,NA
"Rockingham_Virginia_51165","51165",1970,4.73529411764706,4.87058823529412,4.68088235294118,5.65882352941177,5.49411764705882,6.00294117647059,4.90294117647059,4.29117647058824,3.99705882352941,4.325,3.92095588235294,4.71078431372549,5.46691176470588,3.80882352941176,NA,NA,NA,NA,NA,NA,NA,NA,NA,NA,NA,NA,NA,NA,NA,NA,NA
"Rockingham_Virginia_51165","51165",2000,7.31617647058824,3.99264705882353,5.03088235294118,5.62794117647059,6.10441176470588,7.82058823529412,8.51911764705882,8.37794117647059,7.96764705882353,7.16470588235294,5.6,5.27647058823529,6.10294117647059,6.73382352941177,7.01470588235294,7.90735294117647,7.74264705882353,6.71029411764706,6.17794117647059,6.32352941176471,6.55294117647059,6.44264705882353,7.78382352941176,8.11176470588235,7.88529411764706,7.38823529411765,7.79411764705882,8.72205882352941,9.27794117647059,10.1735294117647,10.7941176470588
"Rockingham_Virginia_51165","51165",2030,10.9705882352941,12.1225490196078,10.0073529411765,10.9705882352941,NA,NA,NA,NA,NA,NA,NA,NA,NA,NA,NA,NA,NA,NA,NA,NA,NA,NA,NA,NA,NA,NA,NA,NA,NA,NA,NA
"Russell_Virginia_51167","51167",1970,3.00768245838668,2.67605633802817,2.70704225352113,2.96901408450704,2.69295774647887,3.00281690140845,2.90140845070423,2.83943661971831,2.79154929577465,3.49577464788732,3.20774647887324,3.88732394366197,3.8169014084507,4.28169014084507,NA,NA,NA,NA,NA,NA,NA,NA,NA,NA,NA,NA,NA,NA,NA,NA,NA
"Russell_Virginia_51167","51167",2000,7.04084507042254,3.37464788732394,4.35211267605634,5.16056338028169,6.14647887323944,6.8169014084507,6.56619718309859,7.2,6.85915492957746,6.82253521126761,6.66760563380282,7.8,7.81971830985915,8.84788732394366,7.75774647887324,7.66478873239437,6.82535211267606,5.90985915492958,5.25915492957747,6.09577464788732,6.91267605633803,7.38028169014085,8.69014084507042,8.04225352112676,7.97183098591549,6.93521126760563,7.49577464788732,7.42253521126761,8.07605633802817,9.12112676056338,10.0774647887324
"Russell_Virginia_51167","51167",2030,11.7042253521127,10.3051643192488,9.99295774647887,11.7042253521127,NA,NA,NA,NA,NA,NA,NA,NA,NA,NA,NA,NA,NA,NA,NA,NA,NA,NA,NA,NA,NA,NA,NA,NA,NA,NA,NA
"Salem_Virginia_51775","51775",1970,6.22727272727273,6.5,5.9,6.6,6.1,6.9,5.1,5.9,6.1,6.7,6.125,7.66666666666667,6.5,5,NA,NA,NA,NA,NA,NA,NA,NA,NA,NA,NA,NA,NA,NA,NA,NA,NA
"Salem_Virginia_51775","51775",2000,8.45,5.8,7,6.5,6.1,7.2,6.8,7.7,7.3,7.8,7,7.7,7.9,8.6,8.1,8.5,9.1,7.5,8,8.7,9.1,8.6,9.9,9.1,9.9,9.8,10.2,11.6,11.2,13.2,14
"Salem_Virginia_51775","51775",2030,23.5,15.8333333333333,14.5,23.5,NA,NA,NA,NA,NA,NA,NA,NA,NA,NA,NA,NA,NA,NA,NA,NA,NA,NA,NA,NA,NA,NA,NA,NA,NA,NA,NA
"Scott_Virginia_51169","51169",1970,5.10076670317634,4.64578313253012,4.79277108433735,4.57349397590361,4.36385542168675,4.50843373493976,4.36626506024096,4.21686746987952,5.09156626506024,5.89156626506024,5.8855421686747,6.95582329317269,7.56626506024096,7.78313253012048,NA,NA,NA,NA,NA,NA,NA,NA,NA,NA,NA,NA,NA,NA,NA,NA,NA
"Scott_Virginia_51169","51169",2000,9.30562248995984,5.84096385542169,6.71566265060241,7.72289156626506,8.27710843373494,8.6144578313253,8.65060240963856,9.47951807228916,8.81927710843373,8.53734939759036,8.10602409638554,9.07228915662651,9.52530120481928,10.6602409638554,9.3421686746988,9.52289156626506,8.49156626506024,7.33012048192771,6.91566265060241,8.19759036144578,8.86024096385542,9.74457831325301,11.4963855421687,10.9036144578313,11.255421686747,10.2867469879518,10.5638554216867,9.8144578313253,10.8120481927711,11.7493975903614,13.0150602409639
"Scott_Virginia_51169","51169",2030,14.9759036144578,13.578313253012,14.0361445783133,14.9759036144578,NA,NA,NA,NA,NA,NA,NA,NA,NA,NA,NA,NA,NA,NA,NA,NA,NA,NA,NA,NA,NA,NA,NA,NA,NA,NA,NA
"Shenandoah_Virginia_51171","51171",1970,4.36939010356732,5.2,4.7493670886076,4.9746835443038,5.01772151898734,5.4253164556962,4.17974683544304,3.70632911392405,3.82784810126582,4.17974683544304,3.9873417721519,4.47257383966245,5.35443037974684,4.05063291139241,NA,NA,NA,NA,NA,NA,NA,NA,NA,NA,NA,NA,NA,NA,NA,NA,NA
"Shenandoah_Virginia_51171","51171",2000,7.07130801687764,4.12151898734177,5.15949367088608,5.68101265822785,6.08607594936709,7.68354430379747,7.99493670886076,7.60506329113924,7.69620253164557,6.7493670886076,5.42025316455696,5.66075949367089,6.69367088607595,6.97215189873418,7.74430379746835,8.14177215189873,7.64810126582278,6.42025316455696,5.60759493670886,5.45822784810127,5.86835443037975,5.57974683544304,6.78227848101266,7.27088607594937,7.28354430379747,6.74683544303798,7.47341772151899,8.70379746835443,9.2,9.46075949367089,10.1392405063291
"Shenandoah_Virginia_51171","51171",2030,8.43037974683544,11.1392405063291,8.22784810126582,8.43037974683544,NA,NA,NA,NA,NA,NA,NA,NA,NA,NA,NA,NA,NA,NA,NA,NA,NA,NA,NA,NA,NA,NA,NA,NA,NA,NA,NA
"Smyth_Virginia_51173","51173",1970,4.45844155844156,3.96285714285714,3.53142857142857,3.7,3.59714285714286,4.50857142857143,3.94285714285714,4.34571428571429,5.10285714285714,5.71714285714286,5.33571428571429,6.64761904761905,6.60714285714286,5.02857142857143,NA,NA,NA,NA,NA,NA,NA,NA,NA,NA,NA,NA,NA,NA,NA,NA,NA
"Smyth_Virginia_51173","51173",2000,7.43380952380952,5.46571428571429,6.54857142857143,6.78571428571429,6.89142857142857,7.75142857142857,6.68571428571429,7.4,7.08,7.01428571428571,6.64285714285714,7.77714285714286,7.76,8.66857142857143,7.61428571428571,7.30285714285714,7.20857142857143,6.06571428571429,5.84,6.66857142857143,7.56,7.49714285714286,8.77714285714286,7.80285714285714,8.12285714285714,6.71428571428571,7.70857142857143,7.66285714285714,8.42571428571429,9.46571428571429,11
"Smyth_Virginia_51173","51173",2030,14.0571428571429,11.1619047619048,11.3642857142857,14.0571428571429,NA,NA,NA,NA,NA,NA,NA,NA,NA,NA,NA,NA,NA,NA,NA,NA,NA,NA,NA,NA,NA,NA,NA,NA,NA,NA,NA
"Southampton_Virginia_51175","51175",1970,7.10808080808081,7.73111111111111,6.62222222222222,8.37555555555556,8.50222222222222,9.17111111111111,7.82888888888889,7.31777777777778,6.07777777777778,6.02666666666667,5.21944444444444,6.0037037037037,5.25,5.92222222222222,NA,NA,NA,NA,NA,NA,NA,NA,NA,NA,NA,NA,NA,NA,NA,NA,NA
"Southampton_Virginia_51175","51175",2000,10.0296296296296,5.6,6.28222222222222,5.67333333333333,5.68,6.21333333333333,5.81555555555556,6.98666666666667,9.20222222222222,10.1644444444444,9.93111111111111,10.7688888888889,11.4977777777778,11.2066666666667,11.2777777777778,12.7444444444444,12.2688888888889,11.18,10.4133333333333,10.5511111111111,9.15777777777778,10.0244444444444,9.93333333333333,10.4533333333333,10.4933333333333,11.7177777777778,11.8933333333333,13.4533333333333,13.2288888888889,14.6333333333333,14.8138888888889
"Southampton_Virginia_51175","51175",2030,17.6888888888889,15.7,14.7111111111111,17.6888888888889,NA,NA,NA,NA,NA,NA,NA,NA,NA,NA,NA,NA,NA,NA,NA,NA,NA,NA,NA,NA,NA,NA,NA,NA,NA,NA,NA
"Spotsylvania_Virginia_51177","51177",1970,6.89346590909091,6.865625,6.640625,7.984375,8.078125,8.696875,7.2625,6.578125,6.13125,6.5125,5.98046875,6.66666666666667,6.484375,5.25,NA,NA,NA,NA,NA,NA,NA,NA,NA,NA,NA,NA,NA,NA,NA,NA,NA
"Spotsylvania_Virginia_51177","51177",2000,8.92291666666667,5.7375,6.94375,7.171875,6.928125,7.790625,8.165625,8.184375,8.35,8.384375,7.571875,7.78125,9.0375,9.403125,10.20625,11.465625,11.1,9.3625,9.29375,8.4375,8.478125,8.09375,8.7125,8.26875,8.60625,8.5375,9.546875,11.33125,11.05,13.296875,13.70703125
"Spotsylvania_Virginia_51177","51177",2030,19.328125,15.28125,13.09375,19.328125,NA,NA,NA,NA,NA,NA,NA,NA,NA,NA,NA,NA,NA,NA,NA,NA,NA,NA,NA,NA,NA,NA,NA,NA,NA,NA,NA
"Stafford_Virginia_51179","51179",1970,6.18393234672304,6.48372093023256,6.10232558139535,7.14418604651163,6.9906976744186,7.45581395348837,6.2046511627907,6.15348837209302,5.77209302325581,6.0046511627907,5.70348837209302,6.04651162790698,5.18604651162791,3.44186046511628,NA,NA,NA,NA,NA,NA,NA,NA,NA,NA,NA,NA,NA,NA,NA,NA,NA
"Stafford_Virginia_51179","51179",2000,9.24806201550388,5.90697674418605,6.89767441860465,7.25116279069767,7.38604651162791,9.04651162790698,8.84651162790698,9.23255813953488,9.09302325581395,9.36744186046512,8.51162790697674,9.11627906976744,9.87906976744186,10.353488372093,10.5395348837209,11.4232558139535,10.6744186046512,9.16279069767442,8.66046511627907,7.94418604651163,8.04186046511628,7.70232558139535,8.2046511627907,8.38604651162791,9.03255813953488,8.38604651162791,10.0837209302326,12.3581395348837,11.7441860465116,13.8139534883721,14.9825581395349
"Stafford_Virginia_51179","51179",2030,19.906976744186,16.046511627907,13.2209302325581,19.906976744186,NA,NA,NA,NA,NA,NA,NA,NA,NA,NA,NA,NA,NA,NA,NA,NA,NA,NA,NA,NA,NA,NA,NA,NA,NA,NA,NA
"Staunton_Virginia_51790","51790",1970,4.95454545454545,4.5,4.7,6.1,5.9,6.4,5,4,3.4,4.6,4.125,5.33333333333333,6,7,NA,NA,NA,NA,NA,NA,NA,NA,NA,NA,NA,NA,NA,NA,NA,NA,NA
"Staunton_Virginia_51790","51790",2000,7.15,4.4,5.7,5.9,6.6,7,7.5,6.9,7.1,6.4,5.4,4.9,6,6,6.2,7.4,7.7,6.4,6.3,6.7,6.8,6.2,7.9,8.3,8.6,7.7,8.5,9.3,9.3,10.2,11.25
"Staunton_Virginia_51790","51790",2030,14,12.3333333333333,10.75,14,NA,NA,NA,NA,NA,NA,NA,NA,NA,NA,NA,NA,NA,NA,NA,NA,NA,NA,NA,NA,NA,NA,NA,NA,NA,NA,NA
"Suffolk_Virginia_51800","51800",1970,7.36363636363636,8.690625,7.41875,9.325,8.75,9.36875,7.74375,7.14375,5.615625,6.121875,5.21875,5.71875,5.2109375,6.296875,NA,NA,NA,NA,NA,NA,NA,NA,NA,NA,NA,NA,NA,NA,NA,NA,NA
"Suffolk_Virginia_51800","51800",2000,10.2708333333333,6.2,6.6875,6.5375,6.853125,7.23125,6.190625,7.428125,9.221875,10.665625,10.309375,11.096875,11.853125,11.534375,10.559375,11.9625,11.575,10.3,9.865625,10.309375,9.06875,10.4875,10.80625,11.065625,11.29375,12.853125,12.4375,13.25625,13.4,14.31875,14.14453125
"Suffolk_Virginia_51800","51800",2030,16,14.8802083333333,14.6015625,16,NA,NA,NA,NA,NA,NA,NA,NA,NA,NA,NA,NA,NA,NA,NA,NA,NA,NA,NA,NA,NA,NA,NA,NA,NA,NA,NA
"Surry_Virginia_51181","51181",1970,7.26868686868687,6.78222222222222,5.83555555555556,7.72,7.87111111111111,8.78666666666667,8.03555555555556,8.16444444444445,7.05777777777778,7.08444444444444,6.50555555555556,7.14814814814815,6.07777777777778,6.06666666666667,NA,NA,NA,NA,NA,NA,NA,NA,NA,NA,NA,NA,NA,NA,NA,NA,NA
"Surry_Virginia_51181","51181",2000,9.99111111111111,6.71555555555556,7.15111111111111,6.56888888888889,6.28888888888889,6.77333333333333,6.19111111111111,7.21777777777778,8.95111111111111,10.3377777777778,9.69777777777778,10.4222222222222,11.1288888888889,10.9911111111111,10.3733333333333,11.9777777777778,12.0577777777778,11.08,10.1333333333333,10.0311111111111,9.33777777777778,9.47555555555556,10.3822222222222,10.4044444444444,11.3688888888889,12.0622222222222,12.1644444444444,12.8133333333333,12.8977777777778,14.2133333333333,14.4388888888889
"Surry_Virginia_51181","51181",2030,19.4222222222222,15.962962962963,14.7888888888889,19.4222222222222,NA,NA,NA,NA,NA,NA,NA,NA,NA,NA,NA,NA,NA,NA,NA,NA,NA,NA,NA,NA,NA,NA,NA,NA,NA,NA,NA
"Sussex_Virginia_51183","51183",1970,6.44226044226044,6.52702702702703,5.45135135135135,7.2,7.47027027027027,8.40540540540541,7.51621621621622,7.1,5.81621621621622,5.78378378378378,5.03040540540541,5.58108108108108,5.42567567567568,5.78378378378378,NA,NA,NA,NA,NA,NA,NA,NA,NA,NA,NA,NA,NA,NA,NA,NA,NA
"Sussex_Virginia_51183","51183",2000,10.0040540540541,5.72432432432432,6.60540540540541,6.53513513513514,6.43513513513513,7.11891891891892,6.32162162162162,6.96756756756757,9.0972972972973,9.80540540540541,9.27297297297297,10.2189189189189,11.1513513513514,10.9702702702703,11.3216216216216,12.6594594594595,12.3216216216216,11.3459459459459,10.2783783783784,10.2162162162162,9.35405405405405,9.62702702702703,9.93513513513514,10.3567567567568,10.8783783783784,11.6324324324324,11.8,12.7945945945946,12.7864864864865,13.8621621621622,14.1554054054054
"Sussex_Virginia_51183","51183",2030,17.5405405405405,15.6216216216216,14.777027027027,17.5405405405405,NA,NA,NA,NA,NA,NA,NA,NA,NA,NA,NA,NA,NA,NA,NA,NA,NA,NA,NA,NA,NA,NA,NA,NA,NA,NA,NA
"Tazewell_Virginia_51185","51185",1970,3.52128883774453,3.34683544303797,2.94430379746835,2.96455696202532,2.91139240506329,3.87594936708861,3.7746835443038,3.76455696202532,3.9620253164557,4.35443037974684,3.81962025316456,4.41772151898734,4.42405063291139,4.10126582278481,NA,NA,NA,NA,NA,NA,NA,NA,NA,NA,NA,NA,NA,NA,NA,NA,NA
"Tazewell_Virginia_51185","51185",2000,6.77004219409283,4.01518987341772,4.77974683544304,5.35443037974684,6.03037974683544,6.84050632911392,5.94430379746836,6.46075949367089,5.98987341772152,6.09620253164557,6.17215189873418,7.40759493670886,7.44050632911392,9.06075949367089,7.91139240506329,7.48607594936709,7.14430379746835,6.07088607594937,5.20253164556962,6.07848101265823,6.59493670886076,6.68860759493671,7.40506329113924,7.09367088607595,7.0379746835443,6.23544303797468,6.82278481012658,7.52405063291139,7.91898734177215,9.30126582278481,10.3829113924051
"Tazewell_Virginia_51185","51185",2030,13.9240506329114,11.1139240506329,11.5126582278481,13.9240506329114,NA,NA,NA,NA,NA,NA,NA,NA,NA,NA,NA,NA,NA,NA,NA,NA,NA,NA,NA,NA,NA,NA,NA,NA,NA,NA,NA
"VirginiaBeach_Virginia_51810","51810",1970,7.31422924901186,7.68695652173913,7.44347826086957,8.52173913043478,7.74782608695652,7.64347826086957,6.47391304347826,6.65217391304348,5.43913043478261,6.80434782608696,6.80434782608696,8.15942028985507,6.76086956521739,10.6521739130435,NA,NA,NA,NA,NA,NA,NA,NA,NA,NA,NA,NA,NA,NA,NA,NA,NA
"VirginiaBeach_Virginia_51810","51810",2000,10.3963768115942,7.35652173913043,8.21304347826087,7.04782608695652,7.56521739130435,6.68695652173913,5.99565217391304,7.38260869565217,8.80869565217391,9.66521739130435,9.41304347826087,10.4130434782609,10.7565217391304,10.6304347826087,10.9304347826087,12.2434782608696,11.304347826087,9.76521739130435,10.1608695652174,10.3478260869565,8.93478260869565,10.3521739130435,11,11.1434782608696,10.5695652173913,12.6434782608696,12.8521739130435,14.5,14.5869565217391,15.7521739130435,15.9728260869565
"VirginiaBeach_Virginia_51810","51810",2030,15.1304347826087,16.4492753623188,14.945652173913,15.1304347826087,NA,NA,NA,NA,NA,NA,NA,NA,NA,NA,NA,NA,NA,NA,NA,NA,NA,NA,NA,NA,NA,NA,NA,NA,NA,NA,NA
"Warren_Virginia_51187","51187",1970,4.82920110192837,6.4969696969697,5.3030303030303,5.65454545454545,5.81818181818182,5.99393939393939,4.53939393939394,4.07878787878788,4.26060606060606,4.37575757575758,4,4.37373737373737,5.21212121212121,3.54545454545455,NA,NA,NA,NA,NA,NA,NA,NA,NA,NA,NA,NA,NA,NA,NA,NA,NA
"Warren_Virginia_51187","51187",2000,8.30707070707071,4.61818181818182,5.81212121212121,6.69090909090909,6.95151515151515,9.29090909090909,9.1030303030303,8.84848484848485,8.74545454545455,7.95151515151515,6.24848484848485,7.02424242424242,7.81212121212121,8.24242424242424,9.75757575757576,10.2,9.32121212121212,8.25454545454545,7.53939393939394,7.03030303030303,7.06666666666667,6.80606060606061,7.53939393939394,7.66666666666667,7.03030303030303,7.65454545454545,8.24242424242424,10.6545454545455,10.9575757575758,11.7939393939394,11.6818181818182
"Warren_Virginia_51187","51187",2030,10.2424242424242,13.1515151515152,8.77272727272727,10.2424242424242,NA,NA,NA,NA,NA,NA,NA,NA,NA,NA,NA,NA,NA,NA,NA,NA,NA,NA,NA,NA,NA,NA,NA,NA,NA,NA,NA
"Washington_Virginia_51191","51191",1970,3.51190476190476,3.59761904761905,3.29047619047619,3.51904761904762,3.03095238095238,3.56190476190476,3.39047619047619,3.26190476190476,3.60238095238095,4.0452380952381,3.44345238095238,4.21031746031746,4.49404761904762,3.02380952380952,NA,NA,NA,NA,NA,NA,NA,NA,NA,NA,NA,NA,NA,NA,NA,NA,NA
"Washington_Virginia_51191","51191",2000,7.48809523809524,3.77380952380952,4.95238095238095,6.01666666666667,6.81904761904762,7.79047619047619,7.39285714285714,7.96904761904762,7.87857142857143,7.50238095238095,7.3952380952381,8.35238095238095,8.30952380952381,8.86904761904762,7.88571428571429,7.49047619047619,6.67142857142857,5.67380952380952,5.49761904761905,6.28333333333333,7.19285714285714,7.66904761904762,8.99285714285714,8.03333333333333,8.42619047619048,7.38333333333333,8.20714285714286,7.93333333333333,8.63333333333333,9.67619047619048,10.9196428571429
"Washington_Virginia_51191","51191",2030,14.2857142857143,11.1269841269841,11.7083333333333,14.2857142857143,NA,NA,NA,NA,NA,NA,NA,NA,NA,NA,NA,NA,NA,NA,NA,NA,NA,NA,NA,NA,NA,NA,NA,NA,NA,NA,NA
"Waynesboro_Virginia_51820","51820",1970,7.09090909090909,6.2,6.4,8,7.8,8.7,6.5,6.2,6,7.2,6.625,8.5,8.5,8,NA,NA,NA,NA,NA,NA,NA,NA,NA,NA,NA,NA,NA,NA,NA,NA,NA
"Waynesboro_Virginia_51820","51820",2000,10.0333333333333,7.1,8.8,8.7,8.9,9.7,10.1,10,9.7,8.8,7.8,7.2,8.2,9.3,10,11,10.7,9.4,8.8,9.4,9.5,9.2,10.2,10.4,9.7,9.3,10.5,13.3,13.3,14.7,15.75
"Waynesboro_Virginia_51820","51820",2030,15.5,17.3333333333333,12.75,15.5,NA,NA,NA,NA,NA,NA,NA,NA,NA,NA,NA,NA,NA,NA,NA,NA,NA,NA,NA,NA,NA,NA,NA,NA,NA,NA,NA
"Westmoreland_Virginia_51193","51193",1970,6.59848484848485,6.14444444444444,6.12222222222222,7.16666666666667,7.26666666666667,7.16111111111111,5.95,5.79444444444444,5.82777777777778,6.47777777777778,7.09722222222222,8.03703703703704,7.80555555555556,7.61111111111111,NA,NA,NA,NA,NA,NA,NA,NA,NA,NA,NA,NA,NA,NA,NA,NA,NA
"Westmoreland_Virginia_51193","51193",2000,9.79722222222222,7.13333333333333,7.50555555555556,7.30555555555556,6.85555555555556,7.05555555555556,6.2,6.84444444444444,7.65555555555556,8.07777777777778,8.12222222222222,8.95555555555556,10.1944444444444,10.4666666666667,11.2333333333333,12.0833333333333,12.0888888888889,10.7777777777778,10.5333333333333,9.58888888888889,10.15,9.97777777777778,10.5777777777778,9.73333333333333,11.65,10.7333333333333,11.2277777777778,12.7722222222222,13.0888888888889,13.4888888888889,14.0347222222222
"Westmoreland_Virginia_51193","51193",2030,18.5555555555556,15.7777777777778,13.8055555555556,18.5555555555556,NA,NA,NA,NA,NA,NA,NA,NA,NA,NA,NA,NA,NA,NA,NA,NA,NA,NA,NA,NA,NA,NA,NA,NA,NA,NA,NA
"Williamsburg_Virginia_51830","51830",1970,8.95454545454546,7.7,6.8,9.8,10.3,10.2,9.6,10,8.3,8.5,8.875,9.83333333333333,8.25,8,NA,NA,NA,NA,NA,NA,NA,NA,NA,NA,NA,NA,NA,NA,NA,NA,NA
"Williamsburg_Virginia_51830","51830",2000,11.05,8.7,9.7,8.7,8,7.9,7.6,8.1,9.3,11.4,11.2,11.5,13,13.4,12,13.5,13.6,11.8,10.6,10.5,9.8,9.7,10.5,11.1,12.2,13.1,13.9,14.3,13.2,14.9,14.875
"Williamsburg_Virginia_51830","51830",2030,22,15.8333333333333,14.75,22,NA,NA,NA,NA,NA,NA,NA,NA,NA,NA,NA,NA,NA,NA,NA,NA,NA,NA,NA,NA,NA,NA,NA,NA,NA,NA,NA
"Winchester_Virginia_51840","51840",1970,4.09090909090909,4.4,4.1,4.6,4.7,5.3,4.4,4,3.8,3.9,3.25,3.33333333333333,4,3,NA,NA,NA,NA,NA,NA,NA,NA,NA,NA,NA,NA,NA,NA,NA,NA,NA
"Winchester_Virginia_51840","51840",2000,7.15,3.4,4.3,5.1,5.3,7.2,7.5,7,7,7.4,5.9,6.4,7.4,7.7,8,9,7.9,7.5,7,6.5,6,6.7,6.7,6.3,6.4,6.2,6.8,9,9.8,9.8,10.625
"Winchester_Virginia_51840","51840",2030,7.5,11.1666666666667,7.25,7.5,NA,NA,NA,NA,NA,NA,NA,NA,NA,NA,NA,NA,NA,NA,NA,NA,NA,NA,NA,NA,NA,NA,NA,NA,NA,NA,NA
"Wise_Virginia_51195","51195",1970,6.36363636363636,5.14516129032258,5.16774193548387,5.29677419354839,5.32258064516129,5.56774193548387,5.25806451612903,5.71612903225806,6.50967741935484,7.78064516129032,8.29032258064516,9.73655913978495,9.65322580645161,10.9677419354839,NA,NA,NA,NA,NA,NA,NA,NA,NA,NA,NA,NA,NA,NA,NA,NA,NA
"Wise_Virginia_51195","51195",2000,9.4241935483871,7.52903225806452,8.33225806451613,8.60967741935484,8.95483870967742,8.96451612903226,9.23870967741935,9.55806451612903,9,8.8741935483871,8.42903225806452,9.4258064516129,10.1,11.5709677419355,10.1258064516129,9.81290322580645,8.94193548387097,7.81935483870968,6.91612903225806,8.23225806451613,9.65806451612903,10.1709677419355,11.4870967741935,10.3483870967742,10.2741935483871,8.73225806451613,9.06129032258064,8.88064516129032,10.1,11.1193548387097,12.2379032258065
"Wise_Virginia_51195","51195",2030,13.5161290322581,12.752688172043,12.6290322580645,13.5161290322581,NA,NA,NA,NA,NA,NA,NA,NA,NA,NA,NA,NA,NA,NA,NA,NA,NA,NA,NA,NA,NA,NA,NA,NA,NA,NA,NA
"Wythe_Virginia_51197","51197",1970,4.02864259028643,3.27671232876712,2.76164383561644,2.84109589041096,3.17808219178082,4.03287671232877,3.45205479452055,4.16986301369863,5.01369863013699,5.41369863013699,5.31506849315068,6.67123287671233,6.11643835616438,5.04109589041096,NA,NA,NA,NA,NA,NA,NA,NA,NA,NA,NA,NA,NA,NA,NA,NA,NA
"Wythe_Virginia_51197","51197",2000,6.31232876712329,5.23013698630137,6.17808219178082,5.42191780821918,5.36986301369863,6.03013698630137,5.06301369863014,5.14246575342466,5.20821917808219,4.83287671232877,4.48493150684931,5.29041095890411,5.94246575342466,7.02465753424658,6.83835616438356,6.62191780821918,7.01917808219178,5.88219178082192,5.46027397260274,6.18904109589041,6.45753424657534,5.87945205479452,7.23013698630137,6.36164383561644,6.37808219178082,5.65479452054795,6.84383561643836,7.71232876712329,8.3972602739726,10.0054794520548,11.6952054794521
"Wythe_Virginia_51197","51197",2030,15.8904109589041,12.5525114155251,11.3013698630137,15.8904109589041,NA,NA,NA,NA,NA,NA,NA,NA,NA,NA,NA,NA,NA,NA,NA,NA,NA,NA,NA,NA,NA,NA,NA,NA,NA,NA,NA
"York_Virginia_51199","51199",1970,8.52020202020202,7.83333333333333,6.66666666666667,9.15555555555556,9.14444444444444,9.12222222222222,8.71111111111111,9.28888888888889,7.92222222222222,8.46666666666667,8.79166666666667,9.68518518518519,8,8.33333333333333,NA,NA,NA,NA,NA,NA,NA,NA,NA,NA,NA,NA,NA,NA,NA,NA,NA
"York_Virginia_51199","51199",2000,10.3722222222222,8.44444444444444,9.15555555555556,8,7.36666666666667,6.93333333333333,6.61111111111111,7.03333333333333,8.17777777777778,10.1333333333333,10.1666666666667,10.5555555555556,11.8777777777778,12,11.0777777777778,12.4333333333333,12.7666666666667,11.0555555555556,10.5666666666667,10.3444444444444,9.82222222222222,9.95555555555556,10.9333333333333,10.7888888888889,11.2,11.8444444444444,12.2555555555556,12.7222222222222,12.7,14.4333333333333,14.6111111111111
"York_Virginia_51199","51199",2030,19.2777777777778,15.5555555555556,14.8055555555556,19.2777777777778,NA,NA,NA,NA,NA,NA,NA,NA,NA,NA,NA,NA,NA,NA,NA,NA,NA,NA,NA,NA,NA,NA,NA,NA,NA,NA,NA
